-47.614913,-122.17778399999999
-47.614913,-122.17778399999999
-47.614913,-122.17778399999999
-47.614913,-122.17778399999999
-47.614913,-122.17778399999999
-47.614913,-122.17778399999999
-47.614913,-122.17778399999999
-47.614913,-122.17778399999999
-47.614913,-122.17778399999999
-47.614913,-122.17778399999999
-47.614913,-122.17778399999999
-47.614913,-122.17778399999999
-47.614913,-122.17778399999999
-47.614913,-122.17778399999999
-47.614913,-122.17778399999999
-47.614913,-122.17778399999999
-47.614914905039065,-122.17777752358212
-47.614914905039065,-122.17777752358212
-47.614914905039065,-122.17777752358212
-47.614914905039065,-122.17777752358212
-47.614914905039065,-122.17777752358212
-47.614914905039065,-122.17777752358212
-47.61490986845877,-122.17776453719398
-47.614900602959416,-122.17775915304753
-47.61488696892737,-122.17775958761143
-47.61487302564747,-122.17776634255443
-47.61487302564747,-122.17776634255443
-47.61486283240453,-122.17777991954526
-47.614854234952794,-122.1777933404973
-47.61484983639952,-122.17780904664943
-47.614849636744715,-122.17782703800164
-47.61485727643228,-122.17784246562864
-47.614871917780384,-122.17784462834237
-47.61488669874212,-122.17784857458743
-47.61488669874212,-122.17784857458743
-47.61490192856536,-122.17784798398476
-47.6149105260171,-122.1778345630327
-47.614910865285545,-122.17781835521184
-47.614906277566746,-122.17780083197594
-47.614906277566746,-122.17780083197594
-47.61490502104399,-122.17778478019386
-47.61491577274149,-122.1777783373284
-47.61491577274149,-122.1777783373284
-47.61491577274149,-122.1777783373284
-47.61491577274149,-122.1777783373284
-47.614920560115095,-122.1777778692121
-47.61493710650226,-122.17777355550795
-47.61495191748458,-122.17776761431124
-47.61496773578296,-122.17776427039216
-47.61498542909983,-122.177764337497
-47.61500211510064,-122.1777618073242
-47.615018940715075,-122.17776106068276
-47.615036634031945,-122.17776112778759
-47.61505418773517,-122.17775941136108
-47.61507115296325,-122.17776044825096
-47.615088846280116,-122.1777605153558
-47.61510553228092,-122.177757985183
-47.615123365211424,-122.17775983581919
-47.61514019082587,-122.17775908917773
-47.61515788414273,-122.17775915628256
-47.61515788414273,-122.17775915628256
-47.61517470975718,-122.17775840964111
-47.615190946896476,-122.17776041631606
-47.61520777251092,-122.17775966967461
-47.61522387003659,-122.17775989281822
-47.615240835264665,-122.17776092970811
-47.61525707240397,-122.17776293638306
-47.61527330954327,-122.17776494305802
-47.61529187056256,-122.17776582390914
-47.61530765884036,-122.17777236743183
-47.61532490329572,-122.17777697138442
-47.61534186852381,-122.1777780082743
-47.61535928261339,-122.17777450831645
-47.61537482168449,-122.17776759733468
-47.61539022114196,-122.17775890282158
-47.61540374558094,-122.17774679728456
-47.61541379921024,-122.17773143676239
-47.61541719044745,-122.17771313333263
-47.61541719044745,-122.17771313333263
-47.61541884627982,-122.1776932024103
-47.61542142985578,-122.1776543103507
-47.615422357599364,-122.17763534921343
-47.615426536966524,-122.17759630111506
-47.61542906050132,-122.17757718393902
-47.61542932019729,-122.17753941770324
-47.615428512536035,-122.1775188290734
-47.61542871219084,-122.1775008377212
-47.61543036802321,-122.17748090679888
-47.61544440136487,-122.17744448953054
-47.615450984184484,-122.17742587402324
-47.61545936245011,-122.17738911112495
-47.61545709861129,-122.17737046206523
-47.61545556286126,-122.17735084322045
-47.61545721869363,-122.17733091229812
-47.61545721869363,-122.17733091229812
-47.61546133801962,-122.1773116390833
-47.61546632504803,-122.17729317961476
-47.61546652470284,-122.17727518826256
-47.615455384185005,-122.1772663930922
-47.61544071281632,-122.17727411782025
-47.61544071281632,-122.17727411782025
-47.615420156696224,-122.17730937571233
-47.615394115134315,-122.177336184064
-47.61538045108169,-122.17734650606968
-47.61536591932665,-122.17735601432908
-47.615348644850705,-122.17736129781828
-47.6153319588499,-122.17736382799107
-47.61531672902666,-122.17736441859375
-47.61530077111463,-122.17736597898148
-47.61528495281625,-122.17736932290056
-47.61526840642909,-122.1773736366047
-47.61525244851706,-122.17737519699244
-47.61523562290262,-122.17737594363389
-47.615217929585754,-122.17737587652906
-47.61520096435767,-122.17737483963917
-47.61518486683201,-122.17737461649556
-47.615168041217565,-122.17737536313702
-47.61515048751434,-122.17737707956351
-47.61513279419747,-122.17737701245869
-47.61511610819667,-122.17737954263148
-47.61509987105737,-122.17737753595652
-47.615082177740504,-122.1773774688517
-47.61506535212606,-122.17737821549315
-47.615048526511615,-122.1773789621346
-47.61503156128353,-122.1773779252447
-47.61501487528273,-122.1773804554175
-47.61499804966829,-122.17738120205895
-47.61498209175626,-122.17738276244668
-47.61496929540606,-122.17739389819866
-47.61496503646643,-122.17741138788213
-47.61496503646643,-122.17741138788213
-47.61496338063406,-122.17743131880445
-47.614962313276834,-122.17744849641038
-47.61495978974204,-122.17746761358643
-47.6149598993351,-122.17747928455955
-47.61496014854179,-122.17749273906401
-47.61496014854179,-122.17749273906401
-47.61496014854179,-122.17749273906401
-47.614950762960106,-122.17752690468467
-47.614945775931695,-122.1775453641532
-47.61494151699206,-122.17756285383668
-47.61493639035001,-122.17757952977387
-47.614934594904,-122.17759767716485
-47.614934594904,-122.17759767716485
-47.61493593099922,-122.17763528736184
-47.61493593099922,-122.17763528736184
-47.614939651015604,-122.17765199685145
-47.61494423873441,-122.17766952008733
-47.61494882645321,-122.17768704332323
-47.61495167876716,-122.17770293906655
-47.61495556841777,-122.17771154464572
-47.614957862277166,-122.17772030626367
-47.61496001652293,-122.17772728435027
-47.61496001652293,-122.17772728435027
-47.614962170768685,-122.17773426243687
-47.61496443460751,-122.17775291149658
-47.61495135903002,-122.17776048018587
-47.61493612920678,-122.17776107078855
-47.614922774402025,-122.17776507241514
-47.614922774402025,-122.17776507241514
-47.61491535390057,-122.17777298673438
-47.61491535390057,-122.17777298673438
-47.61491535390057,-122.17777298673438
-47.61491535390057,-122.17777298673438
-47.61491535390057,-122.17777298673438
-47.61493117219895,-122.17776964281529
-47.614945115478854,-122.1777628878723
-47.614945115478854,-122.1777628878723
-47.614959337986036,-122.177759699992
-47.61497370010686,-122.17775829564303
-47.61498965801888,-122.1777567352553
-47.615005615930905,-122.17775517486757
-47.615020985367785,-122.17775636779623
-47.615020985367785,-122.17775636779623
-47.615037222507084,-122.17775837447118
-47.61505345964638,-122.17776038114613
-47.61506896869691,-122.17776335760614
-47.61508520583621,-122.1777653642811
-47.61510102413459,-122.17776202036201
-47.615116982046615,-122.17776045997428
-47.615133079572274,-122.17776068311788
-47.61514844900916,-122.17776187604655
-47.61516555385088,-122.17776469646779
-47.61516555385088,-122.17776469646779
-47.6151810629014,-122.1777676729278
-47.61519671156556,-122.17777243291916
-47.615213088318505,-122.17777622312545
-47.615228597369025,-122.17777919958546
-47.61524542298347,-122.17777845294401
-47.61526166012277,-122.17778045961896
-47.61527730878693,-122.17778521961031
-47.615293545926235,-122.17778722628526
-47.615309643451894,-122.17778744942886
-47.61532602020483,-122.17779123963517
-47.61534180848263,-122.17779778315786
-47.615340940780214,-122.17779696941157
-47.615355861355596,-122.17780269918799
-47.61537005384219,-122.17780939874946
-47.61538497441757,-122.17781512852588
-47.615396982637826,-122.17782473744252
-47.61540375462297,-122.17783935132323
-47.61540428305694,-122.17785637289039
-47.615403076086075,-122.17787176696497
-47.615403076086075,-122.17787176696497
-47.615407524191234,-122.17788750666952
-47.6154135680876,-122.17790309033529
-47.61541336843279,-122.1779210816875
-47.615412301075565,-122.17793825929343
-47.615408430956265,-122.1779709870127
-47.615408430956265,-122.1779709870127
-47.61540490010542,-122.17798750691112
-47.61540237657063,-122.17800662408716
-47.615398845719774,-122.17802314398558
-47.615399374153746,-122.17804016555273
-47.61540236608135,-122.17805784482739
-47.61540216642654,-122.1780758361796
-47.615402694860514,-122.17809285774676
-47.61540162750329,-122.17811003535269
-47.615402095896094,-122.17814683180339
-47.615402095896094,-122.17814683180339
-47.615400768842896,-122.17820177564508
-47.61540143689051,-122.17822058074357
-47.61539971052769,-122.17831150728969
-47.6154017747117,-122.17834814770163
-47.61539925117691,-122.17836726487766
-47.615398183819686,-122.17838444248359
-47.61537580223299,-122.17844773520844
-47.61536185895309,-122.17845449015142
-47.615346629129846,-122.1784550807541
-47.61533226700902,-122.17845648510307
-47.61531703718578,-122.17845707570574
-47.6152865775393,-122.1784582569111
-47.615255389804034,-122.17846040790151
-47.61524074845594,-122.17845824518778
-47.61522451131663,-122.17845623851284
-47.61522451131663,-122.17845623851284
-47.61517781453085,-122.17845541304324
-47.61514534025225,-122.17845139969333
-47.61512924272658,-122.17845117654973
-47.61512924272658,-122.17845117654973
-47.615097326902536,-122.1784542973252
-47.61506485262393,-122.1784502839753
-47.61504934357341,-122.17844730751528
-47.61503397413653,-122.17844611458662
-47.61501846508601,-122.17844313812661
-47.61501846508601,-122.17844313812661
-47.61500295603549,-122.1784401616666
-47.61495368616303,-122.17842700751638
-47.614922807675626,-122.1784228381277
-47.614908305941164,-122.17842245894532
-47.61489629772091,-122.17841285002866
-47.61488580571939,-122.17838152665836
-47.61488527728542,-122.1783645050912
-47.61488343228751,-122.1783512066255
-47.614873019858464,-122.17834144167009
-47.61485823889672,-122.17833749542501
-47.6148427298462,-122.178334518965
-47.61482503652934,-122.17833445186018
-47.614808210914894,-122.17833519850163
-47.614792113389235,-122.17833497535801
-47.61477850937778,-122.17832552248015
-47.61477850937778,-122.17832552248015
-47.614773193570194,-122.17830896902932
-47.614773393225,-122.17829097767711
-47.61477605637344,-122.1782736440324
-47.61477605637344,-122.1782736440324
-47.61477805147425,-122.1782375052892
-47.61478091427749,-122.1782021802923
-47.614784305514696,-122.17818387686253
-47.61478716831793,-122.17814855186563
-47.61478758715885,-122.17815390245966
-47.614784195921644,-122.17817220588941
-47.61477828114964,-122.17820962649522
-47.61477894919725,-122.17822843159371
-47.614776226007656,-122.17826554012197
-47.614776226007656,-122.17826554012197
-47.61477423090684,-122.17830167886517
-47.61477403125203,-122.17831967021738
-47.61475409362766,-122.17834228735127
-47.614737128399575,-122.17834125046137
-47.614721340121775,-122.17833470693868
-47.61470249987521,-122.17833025902488
-47.614680637680465,-122.17831801927818
-47.61467237949717,-122.17831523240936
-47.61466571710508,-122.17831228950178
-47.614659054712995,-122.17830934659418
-47.614659054712995,-122.17830934659418
-47.61465312040969,-122.17830543390153
-47.6146464580176,-122.17830249099393
-47.614636324815834,-122.1782962931012
-47.61462532391164,-122.17828928146218
-47.614614183393805,-122.17828048629183
-47.61460290326233,-122.1782699075901
-47.61457992415847,-122.17824339959267
-47.61456923250214,-122.17823006757456
-47.61456923250214,-122.17823006757456
-47.61455694505461,-122.17821689159523
-47.614551629247025,-122.17820033814439
-47.614551629247025,-122.17820033814439
-47.6145500439451,-122.17814927344294
-47.6145511713435,-122.17811232095346
-47.6145511713435,-122.17811232095346
-47.61455288721704,-122.17807261514757
-47.61455288721704,-122.17807261514757
-47.61455381496062,-122.17805365401031
-47.61455474270421,-122.17803469287304
-47.6145556704478,-122.17801573173577
-47.61455746589381,-122.17799758434478
-47.614559261339814,-122.1779794369538
-47.61456125644063,-122.17794329821061
-47.61456125644063,-122.17794329821061
-47.61456325154145,-122.17790715946741
-47.61456213463233,-122.17789289121666
-47.61456420930562,-122.17787831088836
-47.61456614436527,-122.17786194702872
-47.61456575554493,-122.17784670899292
-47.61456575554493,-122.17784670899292
-47.61456755099094,-122.17782856160193
-47.614571081841795,-122.17781204170352
-47.614576936572625,-122.17779439598127
-47.614582063214684,-122.17777772004408
-47.61458878564794,-122.17776088806812
-47.61459464037877,-122.17774324234587
-47.61459976702083,-122.17772656640868
-47.614602430169256,-122.17770923276399
-47.614605961020104,-122.17769271286556
-47.614605961020104,-122.17769271286556
-47.614610359573376,-122.17767700671344
-47.61461229463303,-122.1776606428538
-47.61461350160389,-122.17764524877921
-47.61461963556201,-122.17763117011965
-47.61461963556201,-122.17763117011965
-47.61461949594837,-122.17762938658831
-47.61461910712803,-122.17761414855251
-47.614619306782835,-122.1775961572003
-47.614617771032805,-122.17757653835551
-47.61461869877639,-122.17755757721824
-47.61462035460876,-122.17753764629592
-47.61462215005477,-122.17751949890493
-47.61462148200715,-122.17750069380644
-47.61462327745316,-122.17748254641545
-47.61462507289917,-122.17746439902446
-47.61462600064276,-122.17744543788719
-47.614625442188206,-122.17743830376182
-47.61462914267328,-122.17741367995298
-47.61464468174438,-122.17740676897121
-47.61464468174438,-122.17740676897121
-47.61467704642993,-122.17739911134798
-47.61469258550103,-122.17739220036621
-47.614707256869714,-122.17738447563816
-47.61472178862476,-122.17737496737877
-47.61473718808222,-122.17736627286565
-47.61475401369667,-122.17736552622421
-47.61477097892475,-122.1773665631141
-47.6147878045392,-122.17736581647264
-47.61480549785606,-122.17736588357748
-47.614822323470506,-122.17736513693603
-47.61484088448979,-122.17736601778715
-47.61485784971787,-122.17736705467703
-47.614874814945956,-122.17736809156693
-47.61489178017404,-122.17736912845683
-47.61492744603505,-122.17737282972918
-47.61494396240163,-122.17737840346682
-47.61495857372915,-122.17739045362232
-47.61497304544302,-122.17740072024648
-47.61498620059297,-122.1774147099721
-47.61499630377416,-122.1774307953066
-47.61500002379054,-122.17744750479622
-47.61500002379054,-122.17744750479622
-47.61499808873089,-122.17746386865586
-47.615001250292714,-122.1774734440201
-47.61499990370821,-122.17748705456333
-47.61499990370821,-122.17748705456333
-47.61499183469045,-122.17751749708253
-47.614988443453235,-122.17753580051229
-47.61498505221603,-122.17755410394204
-47.61497919748519,-122.1775717496643
-47.61497493854556,-122.17758923934777
-47.614969951517146,-122.17760769881629
-47.614969023773554,-122.17762665995356
-47.61497128761237,-122.17764530901329
-47.61497500762875,-122.17766201850289
-47.61497500762875,-122.17766201850289
-47.61497959534755,-122.17767954173878
-47.614984043452715,-122.17769528144333
-47.614987344628176,-122.1777066403389
-47.61499005732849,-122.17772075255088
-47.614992211574254,-122.17772773063749
-47.614995233522436,-122.17773552247037
-47.61499693890669,-122.17774703740471
-47.61499693890669,-122.17774703740471
-47.61498226753801,-122.17775476213276
-47.614966030398705,-122.17775275545782
-47.61495194750516,-122.17775772686946
-47.61494626240855,-122.17776726868128
-47.61494626240855,-122.17776726868128
-47.61494626240855,-122.17776726868128
-47.61494626240855,-122.17776726868128
-47.61494626240855,-122.17776726868128
-47.61496235993422,-122.17776749182488
-47.614972911976906,-122.17777904031165
-47.614972911976906,-122.17777904031165
-47.61497895587327,-122.17779462397742
-47.61498194780087,-122.17781230325208
-47.61498712399481,-122.17782707317157
-47.614985917023944,-122.17784246724615
-47.61498460046002,-122.17784619034762
-47.61498460046002,-122.17784619034762
-47.61498460046002,-122.17784619034762
-47.61498460046002,-122.17784619034762
-47.61498460046002,-122.17784619034762
-47.61498474007366,-122.17784797387895
-47.614988659744846,-122.17784669201636
-47.614988659744846,-122.17784669201636
-47.61498079038189,-122.17785914318334
-47.6149787157086,-122.17787372351164
-47.6149787157086,-122.17787372351164
-47.6149826053592,-122.1778823290908
-47.6149826053592,-122.1778823290908
-47.6149826053592,-122.1778823290908
-47.61498042109286,-122.177885238446
-47.61497227250263,-122.17789412255028
