89:0,47.61522666894797,-122.17756687189758,0,-1.31,0
89:1,47.61522666894797,-122.17756687189758,0,-1.55,0
89:2,47.61522666894797,-122.17756687189758,0,-1.8,0
89:3,47.61522666894797,-122.17756687189758,0,-1.6899999,0
89:4,47.61522666894797,-122.17756687189758,0,-0.89,0
89:5,47.61522666894797,-122.17756687189758,0,-1.04,0
89:6,47.61522666894797,-122.17756687189758,0,-1.11,0
89:7,47.615223660231635,-122.17756022717933,-0.03,-1.1,-0.016676925300405578
89:8,47.615223660231635,-122.17756022717933,-0.03,-1,-0.016676925300405578
89:9,47.615223660231635,-122.17756022717933,-0.03,-1.41,-0.016676925300405578
89:10,47.61522360074251,-122.17754579701653,-0.17999999,-0.96999997,-0.15335384419331183
89:11,47.61522360074251,-122.17754579701653,-0.17999999,-0.52,-0.15335384419331183
89:12,47.615223164709086,-122.17755912226643,-0.099999994,-0.66999996,-0.060030771952409
89:13,47.615223164709086,-122.17755912226643,-0.099999994,-0.74,-0.060030771952409
89:14,47.615223641710216,-122.17755541581911,-0.14999999,-1.0799999,-0.09670769494313458
89:15,47.61522402281378,-122.17753727899071,-0.14999999,-0.9,-0.09670769494313458
89:16,47.615229418927,-122.17752534667775,-0.17999999,-0.78999996,-0.1133846221061853
89:17,47.615229418927,-122.17752534667775,-0.17999999,-0.26,-0.1133846221061853
89:18,47.61523863631231,-122.17752404469451,-0.24,-0.14999999,-0.16006155046132892
89:19,47.61523863631231,-122.17752404469451,-0.24,0.11,-0.16006155046132892
89:20,47.61523664508377,-122.17752446138894,-0.24,-0.39999998,-0.16006155046132892
89:21,47.61523664508377,-122.17752446138894,-0.24,-0.39,-0.16006155046132892
89:22,47.61523664508377,-122.17752446138894,-0.24,-1.0699999,-0.16006155046132892
89:23,47.61523442955054,-122.17752674532332,-0.24,-1.23,-0.16006155046132892
89:24,47.61523442955054,-122.17752674532332,-0.24,-0.7,-0.16006155046132892
89:25,47.61523442955054,-122.17752674532332,-0.24,-0.69,-0.16006155046132892
89:26,47.61523442955054,-122.17752674532332,-0.24,-1.11,-0.16006155046132892
89:27,47.61524503935072,-122.17753526864347,-0.16,-1.54,-0.06673847822042608
89:28,47.61524503935072,-122.17753526864347,-0.16,-0.83,-0.06673847822042608
89:29,47.61524503935072,-122.17753526864347,-0.16,-1.0799999,-0.06673847822042608
89:30,47.61524503935072,-122.17753526864347,-0.16,-0.81,-0.06673847822042608
89:31,47.61524503935072,-122.17753526864347,-0.16,-0.45,-0.06673847822042608
89:32,47.61524503935072,-122.17753526864347,-0.16,-0.96,-0.06673847822042608
89:33,47.61524503935072,-122.17753526864347,-0.16,-1.04,-0.06673847822042608
89:34,47.61524503935072,-122.17753526864347,-0.16,-0.94,-0.06673847822042608
89:35,47.61524503935072,-122.17753526864347,-0.16,-1.01,-0.06673847822042608
89:36,47.61524901405027,-122.17753435740627,-0.16,-1.18,-0.06673847822042608
89:37,47.61525811959118,-122.17752803118346,-0.16,-0.56,-0.06673847822042608
89:38,47.615265556899104,-122.1775136249099,-0.17,-0.9,-0.06341540955580194
89:39,47.61527345249295,-122.17750147657782,-0.21,-0.9,-0.0900923271821095
89:40,47.61527345249295,-122.17750147657782,-0.21,-1.15,-0.0900923271821095
89:41,47.61527807451296,-122.17748582805191,-0.22999999,-1.22,-0.09676924898074218
89:42,47.61528268397684,-122.17747017137062,-0.21,-1.65,-0.06344617912402514
89:43,47.61528929133648,-122.17745444146261,-0.25,-1.73,-0.09012311165149389
89:44,47.61529191153693,-122.17744181953287,-0.64,-1.9,-0.466800023317337
89:45,47.61529191153693,-122.17744181953287,-0.64,-2.07,-0.466800023317337
89:46,47.615295829989044,-122.17743570370565,-1.0699999,-2.05,-0.8834768968362074
89:47,47.615295829989044,-122.17743570370565,-1.0699999,-2.22,-0.8834768968362074
89:48,47.61530170031492,-122.17742651958294,-1.35,-1.78,-1.1501539134062253
89:49,47.61530914905115,-122.17741606604444,-1.38,-1.86,-1.1668308107669536
89:50,47.61530914905115,-122.17741606604444,-1.38,-1.8499999,-1.1668308107669536
89:51,47.615315738773035,-122.17740324841087,-1.4,-2.02,-1.173507717664425
89:52,47.61532152631765,-122.17739105148999,-1.37,-2.18,-1.1301846722456124
89:53,47.61532152631765,-122.17739105148999,-1.37,-1.8299999,-1.1301846722456124
89:54,47.6153273040678,-122.17737884436532,-1.3199999,-1.74,-1.0668615266909964
89:55,47.61533185300666,-122.17736608895952,-1.3,-1.56,-1.0335384717354406
89:56,47.61533185300666,-122.17736608895952,-1.3,-1.64,-1.0335384717354406
89:57,47.61533761115929,-122.17735386146548,-1.2099999,-1.8,-0.9302153643277973
89:58,47.61534134979028,-122.17734172794286,-1.24,-1.62,-0.9468923808978151
89:59,47.61534134979028,-122.17734172794286,-1.24,-1.9699999,-0.9468923808978151
89:60,47.61534421673072,-122.17732724596162,-1.16,-1.78,-0.8535692639534287
89:61,47.61534421673072,-122.17732724596162,-1.16,-1.86,-0.8535692639534287
89:62,47.61534421673072,-122.17732724596162,-1.16,-1.86,-0.8535692639534287
89:63,47.61534421673072,-122.17732724596162,-1.16,-1.9399999,-0.8535692639534287
89:64,47.61534421673072,-122.17732724596162,-1.16,-2.11,-0.8535692639534287
89:65,47.61534215260222,-122.17732117150932,-1.16,-1.14,-0.8535692639534287
89:66,47.615334785420806,-122.177309397269,-1.15,-1.31,-0.8302461994611297
89:67,47.615334785420806,-122.177309397269,-1.15,-1.31,-0.8302461994611297
89:68,47.615325997912805,-122.17729927901739,-1.15,-1.38,-0.8302461994611297
89:69,47.615315791707765,-122.17729081988433,-1.17,-0.85999995,-0.8369231063586011
89:70,47.61530613785243,-122.17728341980644,-1.18,-0.84999996,-0.8336000227928158
89:71,47.61529662935747,-122.17727415648359,-1.17,-0.84999996,-0.8102769583005167
89:72,47.61529662935747,-122.17727415648359,-1.17,-0.84,-0.8102769583005167
89:73,47.615287111767046,-122.17726491377186,-1.1999999,-0.93,-0.826953855661245
89:74,47.61527814819446,-122.17725672696001,-1.1899999,-1.01,-0.803630791168946
89:75,47.61526847617391,-122.17724937922416,-1.1999999,-1.35,-0.8003077076031606
89:76,47.61526847617391,-122.17724937922416,-1.1999999,-1.35,-0.8003077076031606
89:77,47.615258656129946,-122.177243916464,-1.22,-1,-0.8069847337099216
89:78,47.61524953699942,-122.17723763345772,-1.1999999,-1.51,-0.7736615595450762
89:79,47.61524953699942,-122.17723763345772,-1.1999999,-1.51,-0.7736615595450762
89:80,47.61523985415842,-122.17723031719835,-1.23,-1.3299999,-0.7903385761150941
89:81,47.615230167705604,-122.17722301142267,-1.23,-1.3199999,-0.7903385761150941
89:82,47.61522033695054,-122.17721759125881,-1.2099999,-1.14,-0.7570154019502486
89:83,47.61522033695054,-122.17721759125881,-1.2099999,-1.23,-0.7570154019502486
89:84,47.61521051400555,-122.17721069818893,-1.25,-1.49,-0.7836924089835233
89:85,47.615200001884176,-122.17720467722374,-1.26,-1.48,-0.780369325417738
89:86,47.61518958745877,-122.17719679637246,-1.26,-0.95,-0.780369325417738
89:87,47.615179752281406,-122.17718994180211,-1.28,-1.73,-0.7870462323152094
89:88,47.615179752281406,-122.17718994180211,-1.28,-1.3,-0.7870462323152094
89:89,47.615169787769034,-122.17719727722218,-1.23,-1.4599999,-0.723723205969883
89:90,47.61516265071046,-122.17721158497586,-1.3,-1.4599999,-0.7804000651836387
89:91,47.615156104579114,-122.17722691351419,-1.4699999,-1.63,-0.9370769482392522
89:92,47.61515141834616,-122.1772434070895,-1.65,-1.54,-1.1037539409674122
89:93,47.61515141834616,-122.1772434070895,-1.65,-1.62,-1.1037539409674122
89:94,47.615146064528396,-122.17726077900375,-1.8199999,-1.79,-1.2604308240230258
89:95,47.615146064528396,-122.17726077900375,-1.8199999,-2.31,-1.2604308240230258
89:96,47.61514140030298,-122.17727728629437,-2.11,-1.78,-1.537107711847011
89:97,47.615135670067154,-122.17728990042497,-1.9799999,-1.87,-1.3937846425863403
89:98,47.615135670067154,-122.17728990042497,-1.9799999,-1.61,-1.3937846425863403
89:99,47.61513199201264,-122.17729990821626,-1.88,-1.61,-1.2804616639247297
89:100,47.61513199201264,-122.17729990821626,-1.88,-1.51,-1.2804616639247297
89:101,47.615129681958926,-122.17730817551326,-1.54,-1.42,-0.9271385565170864
89:102,47.61512611052003,-122.17731631558114,-1.43,-0.9,-0.8038154681829295
89:103,47.61512611052003,-122.17731631558114,-1.43,-0.97999996,-0.8038154681829295
89:104,47.6151213040604,-122.17732469341479,-0.96,-0.62,-0.3204924251483026
89:105,47.615114108427996,-122.177337277901,-0.94,-0.71,-0.2871693701927468
89:106,47.615114108427996,-122.177337277901,-0.94,-0.88,-0.2871693701927468
89:107,47.615106919845545,-122.17734987124236,-0.94,-0.96,-0.2871693701927468
89:108,47.61509848299153,-122.17736217026462,-0.94,-0.87,-0.2871693701927468
89:109,47.61509848299153,-122.17736217026462,-0.94,-0.7,-0.2871693701927468
89:110,47.61508952694491,-122.17737339766147,-1.01,-0.87,-0.3438462890111473
89:111,47.61507985495866,-122.17738542929901,-1.02,-0.87,-0.34052320544536197
89:112,47.61507985495866,-122.17738542929901,-1.02,-0.77,-0.34052320544536197
89:113,47.61507375744742,-122.17740022691024,-1.09,-0.95,-0.3972001838684072
89:114,47.61507375744742,-122.17740022691024,-1.09,-1.03,-0.3972001838684072
89:115,47.615065355062725,-122.1774125777529,-1.14,-1.03,-0.43387706215564925
89:116,47.615059085333506,-122.17742926175205,-1.16,-1.1999999,-0.4405539690531208
89:117,47.615059085333506,-122.17742926175205,-1.16,-1.02,-0.4405539690531208
89:118,47.615056064537576,-122.17744574834249,-1.11,-0.93,-0.37723094270779445
89:119,47.61505252204468,-122.17746116180625,-1,-1.54,-0.25390785437363755
89:120,47.615051502099156,-122.17747715500218,-0.95,-1.02,-0.19058476842366642
89:121,47.615051502099156,-122.17747715500218,-0.95,-0.84,-0.19058476842366642
89:122,47.61505049110759,-122.17749314947677,-0.9,-0.84,-0.1272616824736953
89:123,47.61504876448515,-122.17750993543096,-0.81,-0.31,-0.023938634670696825
89:124,47.61504876448515,-122.17750993543096,-0.81,-0.48999998,-0.023938634670696825
89:125,47.615047826120176,-122.1775192656318,-0.53,-0.39999998,0.2693844703527606
89:126,47.61504708795002,-122.17752673253361,-0.19,0.049999997,0.6227075181557591
89:127,47.61504708795002,-122.17752673253361,-0.19,0.74,0.6227075181557591
89:128,47.615047616817016,-122.1775344719093,0.089999996,0.74,0.9160305859263136
89:129,47.615046699687674,-122.17754380675717,0.38,0.91999996,1.2193536590612861
89:130,47.615046699687674,-122.17754380675717,0.38,1.01,1.2193536590612861
89:131,47.61504598170682,-122.17755127798796,0.65,1.1,1.502676714016842
89:132,47.61504796946934,-122.17756408213842,0.77,0.93,1.6359997928142558
89:133,47.61504796946934,-122.17756408213842,0.77,0.84,1.6359997928142558
89:134,47.61505805283185,-122.17757285947307,0.78,0.93,1.6593228573065548
89:135,47.6150686823003,-122.17758269029821,0.72999996,1.02,1.622645919414668
89:136,47.61507931693186,-122.17759250881869,0.69,1.11,1.595969031590683
89:137,47.61507931693186,-122.17759250881869,0.69,1.11,1.595969031590683
89:138,47.615089239543295,-122.17760311994954,0.65999997,0.77,1.5792920746253098
89:139,47.61509988448392,-122.17761291383368,0.58,0.16,1.5126151653436526
89:140,47.61510999085743,-122.17762163275269,0.53,0.07,1.4759382274517658
89:141,47.61510999085743,-122.17762163275269,0.53,0.32999998,1.4759382274517658
89:142,47.61512064608996,-122.17763140199575,0.48999998,-0.02,1.4492613098254583
89:143,47.615132021944945,-122.17764035066827,0.39999998,0.95,1.3725843802782218
89:144,47.61514285711439,-122.1776482254062,0.35999998,0.77,1.3459074626519143
89:145,47.61515298178177,-122.1776568975017,0.35,0.59999996,1.3492305462176997
89:146,47.61515298178177,-122.1776568975017,0.35,0.59999996,1.3492305462176997
89:147,47.61516382521905,-122.17766474715005,0.26,0.42999998,1.2725536166704632
89:148,47.61517412570657,-122.17767152538929,0.21,0.34,1.2358766936797376
89:149,47.615184811651886,-122.17768122054048,0.17,0.42999998,1.20919977605343
89:150,47.615184811651886,-122.17768122054048,0.17,0.42999998,1.20919977605343
89:151,47.61519336388894,-122.17769334291782,0.099999994,0.08,1.1525228423338685
89:152,47.61520389625322,-122.17770488431613,0.049999997,0.08,1.115845919343143
89:153,47.615213173308824,-122.17771617203232,-0.049999997,0.42999998,1.0291689993326496
89:154,47.615213173308824,-122.17771617203232,-0.049999997,0.61,1.0291689993326496
89:155,47.61522371779183,-122.17772768904081,-0.12,0.35,0.9724920730636686
89:156,47.615233717926,-122.17773813877515,-0.21,0.26,0.8958151509670127
89:157,47.615243729043584,-122.17774856536651,-0.29999998,0.61,0.8191382363209374
89:158,47.615243729043584,-122.17774856536651,-0.29999998,0.7,0.8191382363209374
89:159,47.61525516549113,-122.17775734243241,-0.35999998,0.96,0.7724613079657938
89:160,47.61526574018088,-122.17776879834548,-0.39999998,0.61,0.7457843903394863
89:161,47.61527561181734,-122.17778106262146,-0.48999998,0.44,0.6691074607922498
89:162,47.61527561181734,-122.17778106262146,-0.48999998,0.26,0.6691074607922498
89:163,47.61528564481381,-122.17779144281236,-0.53999996,0.44,0.6324305527026854
89:164,47.61529623754443,-122.17780286195622,-0.59999996,0.44,0.5857536243475419
89:165,47.615305420737805,-122.17781591500183,-0.59999996,0.53,0.5857536243475419
89:166,47.615305420737805,-122.17781591500183,-0.59999996,0.88,0.5857536243475419
89:167,47.61530925600126,-122.17783180210141,-0.45999998,0.96999997,0.7390766840714693
89:168,47.61531240149227,-122.17784850580834,-0.32999998,1.14,0.8823997533321399
89:169,47.61531556455671,-122.17786520223777,-0.25,0.62,0.9757228106718816
89:170,47.61531556455671,-122.17786520223777,-0.25,0.45,0.9757228106718816
89:171,47.615316209782335,-122.17788145878525,-0.17999999,0.01,1.0590458924495276
89:172,47.61531742225521,-122.17789876001099,-0.08,0.79999995,1.1723689605181054
89:173,47.615314861979414,-122.1779154172284,-0.02,1.06,1.245692033206043
89:174,47.615313574212635,-122.17793228966659,0.11,1.49,1.389015106192004
89:175,47.615313574212635,-122.17793228966659,0.11,1.76,1.389015106192004
89:176,47.61531034689236,-122.17794979234691,0.19999999,1.15,1.4923381688961637
89:177,47.615306713041605,-122.17796438667146,0.26999998,1.5,1.5756612357726485
89:178,47.615306713041605,-122.17796438667146,0.26999998,1.15,1.5756612357726485
89:179,47.61530238608211,-122.17797982134431,0.38,1.06,1.6989843241068054
89:180,47.6152956743925,-122.17799298113513,0.42999998,1.3199999,1.7623073802544542
89:181,47.6152956743925,-122.17799298113513,0.42999998,1.67,1.7623073802544542
89:182,47.61528953433278,-122.1780071869274,0.52,1.5,1.865630457859775
89:183,47.61528227121117,-122.17801932458497,0.58,1.41,1.938953534273003
89:184,47.615277286294095,-122.178035624314,0.63,1.5,2.002276620222974
89:185,47.615273008083946,-122.17805108886026,0.72999996,1.5,2.1155996584892294
89:186,47.615273008083946,-122.17805108886026,0.72999996,1.76,2.1155996584892294
89:187,47.615268738008695,-122.17806655834299,0.84,1.76,2.2389227468233863
89:188,47.615268738008695,-122.17806655834299,0.84,1.8399999,2.2389227468233863
89:189,47.61526390807922,-122.1780809983895,0.91999996,2.02,2.332245804163128
89:190,47.615258388941214,-122.17809628741047,1.04,1.8399999,2.4655688829605418
89:191,47.61525288587574,-122.17811158920522,1.1,1.93,2.5388920189784145
89:192,47.61525288587574,-122.17811158920522,1.1,1.93,2.5388920189784145
89:193,47.61524865650714,-122.17812708326862,1.18,1.8399999,2.6322150167135114
89:194,47.61524259885347,-122.17814136672155,1.27,1.67,2.7355381241211547
89:195,47.61524259885347,-122.17814136672155,1.27,2.02,2.7355381241211547
89:196,47.61523711994396,-122.17815668760068,1.29,2.28,2.7688611790767106
89:197,47.61523361687981,-122.17817135213024,1.37,2.19,2.862184296021097
89:198,47.61522942829291,-122.17818687057074,1.4399999,2.71,2.945507303292937
89:199,47.61522942829291,-122.17818687057074,1.4399999,2.8,2.945507303292937
89:200,47.61522524784627,-122.17820239384594,1.48,2.8899999,2.998830458384296
89:201,47.615221075599386,-122.17821792195585,1.55,2.8899999,3.0821534656561362
89:202,47.615221075599386,-122.17821792195585,1.55,2.71,3.0821534656561362
89:203,47.61521565315549,-122.17823328700892,1.56,2.8899999,3.1054765301484353
89:204,47.61521138994902,-122.17825070838984,1.64,2.8899999,3.1987996470928217
89:205,47.615205983686465,-122.17826608591137,1.6999999,2.8,3.272122663901405
89:206,47.615205983686465,-122.17826608591137,1.6999999,3.06,3.272122663901405
89:207,47.61520048114202,-122.17828335527895,1.76,3.06,3.3454457999192777
89:208,47.61519383219019,-122.17829858613075,1.8399999,2.8899999,3.4387687976543746
89:209,47.61519383219019,-122.17829858613075,1.8399999,2.98,3.4387687976543746
89:210,47.61518719931518,-122.17831383240272,1.91,3.06,3.522091924135504
89:211,47.61518184162938,-122.17832924732961,1.9799999,3.1499999,3.6054149314073443
89:212,47.61517522479689,-122.17834450891998,2.09,3.24,3.728738019741501
89:213,47.61517522479689,-122.17834450891998,2.09,3.6699998,3.728738019741501
89:214,47.61516861596636,-122.1783597780932,2.1599998,3.85,3.8120610270133413
89:215,47.61516132867162,-122.17837591680107,2.26,3.24,3.925384244093531
89:216,47.61516132867162,-122.17837591680107,2.26,3.9299998,3.925384244093531
89:217,47.61515114249721,-122.17838697525039,2.4299998,4.63,4.108707155997939
89:218,47.61514154414101,-122.1783990625761,2.52,4.02,4.212030382614872
89:219,47.61514154414101,-122.1783990625761,2.52,4.2799997,4.212030382614872
89:220,47.61513088967179,-122.17840724773399,2.61,4.2799997,4.3153533708132255
89:221,47.61511965643696,-122.17841442951217,2.69,4.02,4.4086766069669014
89:222,47.61510736034791,-122.17841771344831,2.8,3.6699998,4.531999576091769
89:223,47.61510736034791,-122.17841771344831,2.8,3.9299998,4.531999576091769
89:224,47.615095265251306,-122.17841724982542,2.9199998,3.58,4.665322535679893
89:225,47.615082782527026,-122.17841202447477,2.9399998,4.89,4.698645590635449
89:226,47.615082782527026,-122.17841202447477,2.9399998,4.71,4.698645590635449
89:227,47.61507165913262,-122.17840509028444,3.03,5.15,4.801968817252382
89:228,47.61505985015971,-122.17839903855526,3.1399999,5.15,4.925291786377249
89:229,47.61505985015971,-122.17839903855526,3.1399999,5.24,4.925291786377249
89:230,47.6150487194752,-122.1783921300652,3.1899998,4.97,4.988614812722576
89:231,47.61503817253072,-122.1783862447008,3.33,4.97,5.141937991655793
89:232,47.61502771517732,-122.17837848988269,3.4299998,4.71,5.255260970317403
89:233,47.61502771517732,-122.17837848988269,3.4299998,4.7999997,5.255260970317403
89:234,47.615016566413345,-122.17837164587236,3.56,4.97,5.398584158787363
89:235,47.61500473534714,-122.17836568992124,3.7099998,5.06,5.561907089765258
89:236,47.61500473534714,-122.17836568992124,3.7099998,5.58,5.561907089765258
89:237,47.61499425365338,-122.17835800782728,3.78,5.3199997,5.645230335455677
89:238,47.61498241318722,-122.17835209299662,3.9299998,5.8399997,5.808553266433572
89:239,47.61498241318722,-122.17835209299662,3.9299998,6.3599997,5.808553266433572
89:240,47.61497124294746,-122.17834532644338,4.0699997,6.3599997,5.96187620694821
89:241,47.614959986392876,-122.17834045550215,4.2,6.27,6.10519939541817
89:242,47.614959986392876,-122.17834045550215,4.2,6.19,6.10519939541817
89:243,47.614959986392876,-122.17834045550215,4.2,6.0099998,6.10519939541817
89:244,47.614935523378264,-122.17833149903049,4.46,6.3599997,6.378522698329048
89:245,47.614935523378264,-122.17833149903049,4.46,6.1,6.378522698329048
89:246,47.614935523378264,-122.17833149903049,4.46,6.19,6.378522698329048
89:247,47.61491458359352,-122.17831442182977,4.79,6.0099998,6.721845696064145
89:248,47.61491458359352,-122.17831442182977,4.79,5.83,6.721845696064145
89:249,47.61490422746106,-122.17830307080438,4.9,6.18,6.845168903607592
89:250,47.61489862996516,-122.17829973282132,4.97,6.18,6.9284916724608525
89:251,47.61489862996516,-122.17829973282132,4.97,6.18,6.9284916724608525
89:252,47.61489862996516,-122.17829973282132,4.97,5.92,6.9284916724608525
89:253,47.61489862996516,-122.17829973282132,4.97,6.0099998,6.9284916724608525
89:254,47.61489862996516,-122.17829973282132,4.97,6.5299997,6.9284916724608525
89:255,47.614894831426675,-122.17828333054561,4.98,6.52,6.951814975371731
89:256,47.614894831426675,-122.17828333054561,4.98,6.35,6.951814975371731
89:257,47.61489811952069,-122.17826471850374,4.95,6.5299997,6.935137839592423
89:258,47.614900716718715,-122.17824698663289,4.94,6.44,6.938461161576788
89:259,47.61490262487331,-122.17823013803743,4.89,6.44,6.901784044870967
89:260,47.61490262487331,-122.17823013803743,4.89,6.87,6.901784044870967
89:261,47.61490452417686,-122.17821328720275,4.77,6.35,6.795107233340927
89:262,47.61490800500405,-122.17820506122978,4.89,6.0899997,6.928430192929051
89:263,47.61490800500405,-122.17820506122978,4.89,6.6099997,6.928430192929051
89:264,47.61491836645399,-122.17820020362217,4.88,6.7,6.9317535149134155
89:265,47.61492893158085,-122.17820762998561,4.8599997,6.7,6.925076131178786
89:266,47.61492893158085,-122.17820762998561,4.8599997,6.44,6.925076131178786
89:267,47.61493950060147,-122.17821504413504,4.7999997,6.7,6.878399262428287
89:268,47.61494839212639,-122.17821570862728,4.79,6.6099997,6.8817225844126515
89:269,47.61494839212639,-122.17821570862728,4.79,6.6099997,6.8817225844126515
89:270,47.61495391419974,-122.1782028917698,4.75,6.87,6.855045696588666
89:271,47.61495628471843,-122.17818889641448,4.73,6.17,6.848368789691195
89:272,47.61495628471843,-122.17818889641448,4.73,6.52,6.848368789691195
89:273,47.614947636202686,-122.17818072474289,4.7999997,6.69,6.931691558544456
89:274,47.61493692770951,-122.17817714100407,4.7599998,7.04,6.905014670720471
89:275,47.614926276370745,-122.1781716849616,4.75,7.04,6.908337992704835
89:276,47.614926276370745,-122.1781716849616,4.75,7.2999997,6.908337992704835
89:277,47.614915738243,-122.17816247184336,4.72,7.04,6.891660856925528
89:278,47.61491625170644,-122.17814550869083,4.73,7.56,6.914984159836406
89:279,47.614921838601674,-122.17812887760627,4.72,7.56,6.918307004983612
89:280,47.614921838601674,-122.17812887760627,4.72,7.0299997,6.918307004983612
89:281,47.61492741678309,-122.17811224005848,4.68,6.95,6.891630117159627
89:282,47.614932315561155,-122.17809649275826,4.62,6.8599997,6.844953248409128
89:283,47.614937867463894,-122.17807983587164,4.64,6.77,6.878276303364684
89:284,47.614937867463894,-122.17807983587164,4.64,6.8599997,6.878276303364684
89:285,47.614944681429364,-122.17806324835034,4.62,6.95,6.871599396467213
89:286,47.6149501579267,-122.1780484575077,4.63,7.21,6.894922699378091
89:287,47.6149501579267,-122.1780484575077,4.63,6.6,6.894922699378091
89:288,47.614955063360206,-122.1780307966307,4.61,6.8599997,6.888245792480619
89:289,47.6149559417748,-122.17802045885797,4.5499997,6.69,6.841568446892962
89:290,47.6149559417748,-122.17802045885797,4.5499997,6.8599997,6.841568446892962
89:291,47.61495134520155,-122.17802683965255,4.5699997,6.68,6.874891501848518
89:292,47.61495134520155,-122.17802683965255,4.5699997,6.42,6.874891501848518
89:293,47.614947161008004,-122.17804362768693,4.54,6.68,6.858214842906369
89:294,47.61494172325971,-122.17806036722158,4.49,6.3199997,6.821537726200548
89:295,47.614935639573936,-122.17807802764057,4.47,6.33,6.814860819303076
89:296,47.61493210776748,-122.17809580551747,4.42,6.06,6.7781841794344135
89:297,47.61492858529235,-122.1781135874657,4.4,6.15,6.771507272536942
89:298,47.61492858529235,-122.1781135874657,4.4,6.67,6.771507272536942
89:299,47.61492253879468,-122.17813127592598,4.4,6.3199997,6.771507272536942
89:300,47.614915263442846,-122.1781470360509,4.36,6.5,6.744830384712957
89:301,47.614909267821524,-122.17816285241109,4.24,7.2799997,6.638153096345759
89:302,47.614909267821524,-122.17816285241109,4.24,7.2799997,6.638153096345759
89:303,47.61490014877676,-122.178175730593,4.23,7.54,6.641476418330123
89:304,47.61488799413288,-122.17818001928289,4.21,7.54,6.634799511432652
89:305,47.61487595884085,-122.17817677728148,4.21,7.72,6.634799511432652
89:306,47.61487595884085,-122.17817677728148,4.21,7.89,6.634799511432652
89:307,47.61486589990448,-122.17816889655742,4.2,7.72,6.638122356579858
89:308,47.61485518739746,-122.17816195040756,4.16,7.45,6.611445468755873
89:309,47.61484382228036,-122.17815594030775,4.16,7.45,6.611445468755873
89:310,47.614833077147985,-122.17815090524097,4.17,7.27,6.634768771666751
89:311,47.614833077147985,-122.17815090524097,4.17,7.3599997,6.634768771666751
89:312,47.614821057774115,-122.17814584656047,4.15,7.3599997,6.62809186476928
89:313,47.61480970655111,-122.17813798950102,4.15,7.3599997,6.62809186476928
89:314,47.614798306510124,-122.17813391842381,4.15,7.45,6.62809186476928
89:315,47.614798306510124,-122.17813391842381,4.15,7.71,6.62809186476928
89:316,47.614786904342154,-122.17812986047663,4.13,7.8799996,6.621414957871808
89:317,47.614775520390864,-122.17812392930975,4.15,7.44,6.654738012827364
89:318,47.614764133352004,-122.1781180113238,4.24,7.27,6.758060762607139
89:319,47.614764133352004,-122.1781180113238,4.24,7,6.758060762607139
89:320,47.61475274319126,-122.1781121065188,4.19,7.0099998,6.721384122738476
89:321,47.61474074014722,-122.17810337224006,4.06,7.44,6.6047070823266
89:322,47.61472869970924,-122.17809842496138,3.98,7.3599997,6.538030232649588
89:323,47.61472869970924,-122.17809842496138,3.98,7.7,6.538030232649588
89:324,47.61471795920822,-122.17808974131982,3.9099998,7.44,6.481353135017253
89:325,47.614718103260664,-122.1780708755831,3.8999999,7.79,6.484676218583038
89:326,47.61472395366313,-122.17805304248876,3.83,7.44,6.427999359369283
89:327,47.61472395366313,-122.17805304248876,3.83,7.44,6.427999359369283
89:328,47.61472788074758,-122.17803611837012,3.81,7.35,6.421322452471811
89:329,47.61473181040501,-122.17801730301612,3.84,7.52,6.464645497890624
89:330,47.61473507959621,-122.1779994149588,3.75,7.44,6.3879686577503545
89:331,47.614738971104956,-122.17798247269728,3.6999998,7,6.351291541044533
89:332,47.614738971104956,-122.17798247269728,3.6999998,7,6.351291541044533
89:333,47.61474349330201,-122.17796458815148,3.6599998,7.2599998,6.324614653220548
89:334,47.6147460951657,-122.17794762731451,3.6,7.08,6.2779377844700495
89:335,47.6147460951657,-122.17794762731451,3.6,7.3399997,6.2779377844700495
89:336,47.61475059310815,-122.17793161899104,3.61,7.52,6.3012608489623485
89:337,47.61475380236612,-122.17791559512015,3.57,7.43,6.274583961138363
89:338,47.61476017511737,-122.17789862606418,3.53,7.52,6.247907073314378
89:339,47.61476017511737,-122.17789862606418,3.53,7.52,6.247907073314378
89:340,47.6147652670746,-122.17788164889099,3.54,7.17,6.271230137806677
89:341,47.61477162243252,-122.17786655183332,3.49,7.7799997,6.234553259519435
89:342,47.61477733317375,-122.17785050513754,3.5,7.95,6.257876324011734
89:343,47.61477733317375,-122.17785050513754,3.5,7.69,6.257876324011734
89:344,47.61478240080777,-122.17783539701094,3.5,7.68,6.257876324011734
89:345,47.61478240080777,-122.17783539701094,3.5,7.77,6.257876324011734
89:346,47.61478492373251,-122.17782406664756,3.4299998,7.68,6.2011992263794
89:347,47.61479004213996,-122.1778372470495,3.4099998,7.68,6.194522319481928
89:348,47.61479004213996,-122.1778372470495,3.4099998,7.68,6.194522319481928
89:349,47.614781184406816,-122.17785052050682,3.37,7.16,6.167845431657943
89:350,47.614781184406816,-122.17785052050682,3.37,7.41,6.167845431657943
89:351,47.614767952440005,-122.17787800800086,3.5,7.41,6.311168620127903
89:352,47.614767952440005,-122.17787800800086,3.5,7.24,6.311168620127903
89:353,47.614762309316625,-122.17789410724227,3.4499998,7.5,6.274491503422082
89:354,47.61475730532092,-122.1779092619856,3.4299998,7.5,6.267814596524611
89:355,47.614753592514056,-122.17792629221334,3.4099998,7.68,6.261137689627139
89:356,47.614753592514056,-122.17792629221334,3.4099998,7.41,6.261137689627139
89:357,47.61474861685541,-122.17794334513874,3.3799999,7.24,6.244460792266411
89:358,47.61474861685541,-122.17794334513874,3.3799999,7.33,6.244460792266411
89:359,47.614741842856866,-122.17797458293995,3.47,7.24,6.347784018883344
89:360,47.61473878557611,-122.17799067213026,3.4299998,7.1499996,6.321106892640779
89:361,47.61473878557611,-122.17799067213026,3.4299998,6.97,6.321106892640779
89:362,47.61473447350558,-122.17800679261893,3.46,6.97,6.364430176478171
89:363,47.61472891556492,-122.17802483029769,3.4299998,6.44,6.347753040698864
89:364,47.61472399376727,-122.17804191757496,3.3799999,6.79,6.311076162411622
89:365,47.61472399376727,-122.17804191757496,3.3799999,6.8799996,6.311076162411622
89:366,47.61472034130531,-122.17805709962167,3.3899999,7.31,6.334399226903921
89:367,47.61471736464453,-122.1780750996915,3.37,7.31,6.327722320006449
89:368,47.61471245650082,-122.1780903233167,3.36,7.49,6.331045403572235
89:369,47.61471245650082,-122.1780903233167,3.36,7.66,6.331045403572235
89:370,47.614701012101705,-122.17809064759825,3.3799999,7.49,6.364368458527791
89:371,47.614689492057046,-122.17808532611329,3.34,7.66,6.3376915707038055
89:372,47.61467921448618,-122.17807809273098,3.3,7.5699997,6.31101468287982
89:373,47.61467921448618,-122.17807809273098,3.3,6.96,6.31101468287982
89:374,47.614668283756345,-122.17806994823553,3.12,6.96,6.14433769015166
89:375,47.614668283756345,-122.17806994823553,3.12,6.7799997,6.14433769015166
89:376,47.614663112894455,-122.17806445728138,2.6799998,6.6099997,5.717660706960244
89:377,47.614655988078965,-122.17805620800003,2.51,6.35,5.56098394311392
89:378,47.614655988078965,-122.17805620800003,2.51,6.43,5.56098394311392
89:379,47.614648828648356,-122.17804608081694,2.4299998,6.52,5.494306855018328
89:380,47.614644300550616,-122.17804152764316,2.05,5.21,5.127630053025031
89:381,47.614644300550616,-122.17804152764316,2.05,5.2999997,5.127630053025031
89:382,47.61464038962446,-122.17803601276995,1.6999999,4.8599997,4.790953103212216
89:383,47.61463458532976,-122.17803151934295,1.24,4.8599997,4.344276258303575
89:384,47.61463458532976,-122.17803151934295,1.24,5.21,4.344276258303575
89:385,47.61463066857153,-122.17802601352845,0.88,5.47,3.9975993180275022
89:386,47.614626748931556,-122.17802051224331,0.5,4.42,3.630922396824916
89:387,47.614626748931556,-122.17802051224331,0.5,4.5099998,3.630922396824916
89:388,47.614621552202664,-122.17801507523431,0.14,3.81,3.2842454714500047
89:389,47.614615005037834,-122.17800592914037,-0.11,3.98,3.047568545479047
89:390,47.614615005037834,-122.17800592914037,-0.11,3.98,3.047568545479047
89:391,47.61460840812877,-122.17799491242221,-0.38,3.81,2.790891623680414
89:392,47.61460176428859,-122.17798201772597,-0.39999998,3.4499998,2.7842147167829427
89:393,47.61460176428859,-122.17798201772597,-0.39999998,3.4499998,2.7842147167829427
89:394,47.61459454128827,-122.17797199041773,-0.59,3.28,2.6075377931961707
89:395,47.61458985517539,-122.17796184353958,-0.81,3.28,2.4008608386149835
89:396,47.61458314690785,-122.17794708631087,-0.81,3.8,2.4008608386149835
89:397,47.61458314690785,-122.17794708631087,-0.81,3.8899999,2.4008608386149835
89:398,47.61457831485566,-122.17793129374252,-0.84,3.27,2.384183941254255
89:399,47.61457347450134,-122.17791550674681,-0.85999995,3.1,2.3775070343567837
89:400,47.61456989675865,-122.17789965552583,-0.84999996,3.1899998,2.4008300988490827
89:401,47.61456989675865,-122.17789965552583,-0.84999996,2.84,2.4008300988490827
89:402,47.614566310713826,-122.17788380847799,-0.89,2.32,2.374153151420453
89:403,47.614567799884725,-122.17786767429946,-1.12,2.23,2.1574762063760087
89:404,47.61457115278346,-122.17785048042964,-1.14,2.75,2.150799299478537
89:405,47.61457115278346,-122.17785048042964,-1.14,3.1,2.150799299478537
89:406,47.61457449662532,-122.1778332827684,-1.22,2.84,2.084122330592235
89:407,47.61457722254085,-122.17781706311736,-1.27,3.01,2.047445452304993
89:408,47.61458054826895,-122.17779985769513,-1.3199999,2.3999999,2.010768574017751
89:409,47.61458054826895,-122.17779985769513,-1.3199999,2.48,2.010768574017751
89:410,47.61458264932826,-122.17778461503647,-1.53,2.48,1.8140916098998208
89:411,47.61458264932826,-122.17778461503647,-1.53,2.3899999,1.8140916098998208
89:412,47.61458987184828,-122.1777492049091,-1.8299999,2.6499999,1.5274147316125788
89:413,47.61458987184828,-122.1777492049091,-1.8299999,2.3899999,1.5274147316125788
89:414,47.61459316134886,-122.17773198421939,-2.08,1.6999999,1.290737805641621
89:415,47.6145965007995,-122.17771664439586,-2.12,1.6899999,1.2640609178176359
89:416,47.6145965007995,-122.17771664439586,-2.12,1.6899999,1.2640609178176359
89:417,47.61459916695333,-122.17770040288686,-2.3899999,2.3899999,1.0073840109201644
89:418,47.61460309496406,-122.17768406783901,-2.46,2.04,0.9507069132878296
89:419,47.61460633918022,-122.17766682824303,-2.51,1.86,0.9140300350005877
89:420,47.61460633918022,-122.17766682824303,-2.51,2.04,0.9140300350005877
89:421,47.614609574339504,-122.17764958486201,-2.62,2.47,0.8173532139338047
89:422,47.61461345939865,-122.17763322721191,-2.6799998,2.29,0.7706763451833059
89:423,47.614617268915175,-122.17761498101736,-2.76,1.0699999,0.7039992570877143
89:424,47.614617268915175,-122.17761498101736,-2.76,0.72999996,0.7039992570877143
89:425,47.61461979880411,-122.17759683112888,-2.8799999,0.81,0.5973224455576744
89:426,47.61462231915586,-122.17757867835391,-3.09,0.55,0.40064548143974393
89:427,47.61462231915586,-122.17757867835391,-3.09,1.51,0.40064548143974393
89:428,47.61462429986843,-122.17756340026352,-3.35,1.5899999,0.15396856500552927
89:429,47.614628212715736,-122.17754890398969,-3.58,1.42,-0.06270838003891488
89:430,47.614628212715736,-122.17754890398969,-3.58,0.63,-0.06270838003891488
89:431,47.614630776293524,-122.17753262619652,-3.78,0.28,-0.24938535369358852
89:432,47.614634592465485,-122.17751623289683,-3.86,0.28,-0.31606220337060104
89:433,47.61463839999224,-122.17749983518229,-3.9099998,-0.07,-0.35273908165784307
89:434,47.61463839999224,-122.17749983518229,-3.9099998,-0.07,-0.35273908165784307
89:435,47.61464346841531,-122.17748332057599,-4,-0.07,-0.42941616021669154
89:436,47.61464919311923,-122.17746767813799,-4.1,-0.25,-0.5160929908202176
89:437,47.61465558370979,-122.17745291214321,-4.18,-0.07,-0.5827698404972301
89:438,47.61466256131664,-122.17743713809942,-4.2599998,-0.34,-0.6494466901742426
89:439,47.61466256131664,-122.17743713809942,-4.2599998,-0.78,-0.6494466901742426
89:440,47.61466824481861,-122.17742146262002,-4.33,-0.07,-0.7061237878065774
89:441,47.61467594248186,-122.17740840920546,-4.4,-0.16,-0.7628008854389121
89:442,47.614680923972585,-122.17739183646817,-4.49,-0.08,-0.8394774871606023
89:443,47.614680923972585,-122.17739183646817,-4.49,0.01,-0.8394774871606023
89:444,47.61468589671519,-122.17737525792926,-4.79,-0.08,-1.1261546038664234
89:445,47.61468891368596,-122.17735792777161,-4.99,-0.26,-1.312831339102518
89:446,47.61468891368596,-122.17735792777161,-4.99,-0.26,-1.312831339102518
89:447,47.6146920102475,-122.17734247620274,-5.0699997,-0.61,-1.3795081887795304
89:448,47.61469450919209,-122.17732802857336,-5.31,-0.61,-1.6061853627058105
89:449,47.61469450919209,-122.17732802857336,-5.31,-1.13,-1.6061853627058105
89:450,47.614697589492415,-122.17731256985421,-5.5299997,-1.13,-1.8128620788684187
89:451,47.61469930144888,-122.17729536178562,-5.79,-1.13,-2.059539233721212
89:452,47.61469930144888,-122.17729536178562,-5.79,-1.31,-2.059539233721212
89:453,47.61470304602345,-122.17728076804633,-5.8199997,-0.7,-2.0762158926633614
89:454,47.6147066892913,-122.17726428844077,-5.8799996,-0.35,-2.12289276141386
89:455,47.61470964241792,-122.17724693408414,-5.92,0,-2.1495701260750035
89:456,47.61470964241792,-122.17724693408414,-5.92,0.089999996,-2.1495701260750035
89:457,47.614712577293545,-122.17722957293348,-5.92,-0.089999996,-2.1495701260750035
89:458,47.61471491777701,-122.1772132213204,-6,-0.7,-2.216246975752016
89:459,47.614717834401645,-122.17719585337571,-6.04,-0.089999996,-2.242923863576001
89:460,47.614717834401645,-122.17719585337571,-6.04,-0.089999996,-2.242923863576001
89:461,47.614720841457874,-122.17718036297651,-6.08,-0.17999999,-2.2696007513999863
89:462,47.61472441532395,-122.17716384993513,-6.15,-0.099999994,-2.326277849032321
89:463,47.6147279805105,-122.17714733277153,-6.22,-1.3199999,-2.3829544698274976
89:464,47.6147279805105,-122.17714733277153,-6.22,-1.75,-2.3829544698274976
89:465,47.61472979089194,-122.1771338625671,-6.49,-1.8399999,-2.639631376724969
89:466,47.614732484662404,-122.17712501037242,-6.8999996,-1.93,-3.0363081501080362
89:467,47.614733906421286,-122.17711631309191,-7.35,-2.28,-3.472985362181289
89:468,47.614733906421286,-122.17711631309191,-7.35,-1.5799999,-3.472985362181289
89:469,47.61473626838053,-122.17710181482535,-7.45,-1.5899999,-3.559662192784815
89:470,47.61474527905147,-122.177092138186,-7.47,-1.15,-3.5663390996822866
89:471,47.61474527905147,-122.177092138186,-7.47,-2.2,-3.5663390996822866
89:472,47.61475563748245,-122.1770945743691,-7.47,-2.37,-3.5663390996822866
89:473,47.61476784121875,-122.17709580869507,-7.5099998,-2.55,-3.5930159875062717
89:474,47.61477866542731,-122.17709531799782,-7.49,-1.8499999,-3.559692932550716
89:475,47.61478926053793,-122.17709105668763,-7.44,-1.9399999,-3.4963701446239686
89:476,47.61480123538214,-122.17708849078174,-7.43,-2.55,-3.4730468417130904
89:477,47.61480123538214,-122.17708849078174,-7.43,-1.8499999,-3.4730468417130904
89:478,47.61481251565958,-122.17708504495928,-7.44,-1.3299999,-3.469723996565884
89:479,47.61482298335635,-122.1770788560771,-7.39,-1.16,-3.4064007318019787
89:480,47.614834140611144,-122.17707350578748,-7.3599997,-1.16,-3.363077447964587
89:481,47.61484565609305,-122.1770737772435,-7.35,-1.16,-3.339754621890867
89:482,47.61484565609305,-122.1770737772435,-7.35,-1.3399999,-3.339754621890867
89:483,47.614857171712195,-122.17707403536593,-7.3199997,-1.0699999,-3.296431338053475
89:484,47.61486893210728,-122.17707803606001,-7.33,-0.9,-3.293108492906269
89:485,47.614880000028286,-122.17708117571833,-7.31,-1.0799999,-3.259785437950713
89:486,47.61489176460875,-122.17708514923626,-7.29,-1.0799999,-3.226462382995157
89:487,47.61489176460875,-122.17708514923626,-7.29,-1.16,-3.226462382995157
89:488,47.614903531281904,-122.17708910911523,-7.2999997,-0.98999995,-3.2231390610107926
89:489,47.614914604108726,-122.17709221035035,-7.31,-1.0799999,-3.2198162158635864
89:490,47.61492567854795,-122.17709529876079,-7.2999997,-1.0799999,-3.196492912952708
89:491,47.614936754633874,-122.1770983743974,-7.31,-0.98999995,-3.193170067805502
89:492,47.614936754633874,-122.1770983743974,-7.31,-1.17,-3.193170067805502
89:493,47.61494852957486,-122.17710227977143,-7.3399997,-1.17,-3.209846726747651
89:494,47.61495973907826,-122.1771072064899,-7.33,-1.26,-3.186523900673931
89:495,47.6149709512061,-122.17711212028188,-7.3399997,-1,-3.1832005786895667
89:496,47.61498216590691,-122.17711702109649,-7.3399997,-0.83,-3.1832005786895667
89:497,47.61498216590691,-122.17711702109649,-7.3399997,-0.83,-3.1832005786895667
89:498,47.6149933831807,-122.17712190888284,-7.31,-0.74,-3.139877771689333
89:499,47.61500460302747,-122.17712678369183,-7.31,-0.83,-3.139877771689333
89:500,47.61501582539576,-122.17713164552345,-7.3399997,-0.91999996,-3.1565544306314823
89:501,47.61502705035418,-122.17713649437769,-7.2999997,-1,-3.103231394749413
89:502,47.61502705035418,-122.17713649437769,-7.2999997,-1.01,-3.103231394749413
89:503,47.61503856724266,-122.17713653926411,-7.31,-1.27,-3.0999085496022065
89:504,47.61505148745034,-122.17713822652574,-7.41,-1.01,-3.1865853802057327
89:505,47.61506384656018,-122.17714094037366,-7.48,-1.01,-3.2432624778380674
89:506,47.615075645618546,-122.1771446820547,-7.52,-1.1899999,-3.2699393656620526
89:507,47.615075645618546,-122.1771446820547,-7.52,-0.84,-3.2699393656620526
89:508,47.61508786550457,-122.17714549240237,-7.5699997,-0.84,-3.3066160055307154
89:509,47.615099668499596,-122.1771492068055,-7.6099997,-0.84,-3.3332928933547006
89:510,47.615110771112924,-122.1771520642442,-7.64,-0.58,-3.349970029134008
89:511,47.61512202120933,-122.17715678304484,-7.7599998,-0.84,-3.456646840664048
89:512,47.61512202120933,-122.17715678304484,-7.7599998,-0.66999996,-3.456646840664048
89:513,47.615132568651255,-122.17716066083558,-7.79,-0.84,-3.473323976443355
89:514,47.61514170811688,-122.17716286146668,-7.83,-0.66999996,-3.5000008642673404
89:515,47.61514170811688,-122.17716286146668,-7.83,-0.76,-3.5000008642673404
89:516,47.61513306689124,-122.17717484418463,-7.8799996,-0.76,-3.5366775041360032
89:517,47.61512124660581,-122.17717125281207,-7.8199997,-0.94,-3.46335448732742
89:518,47.61512124660581,-122.17717125281207,-7.8199997,-1.12,-3.46335448732742
89:519,47.61510982640984,-122.17716475221857,-7.83,-1.03,-3.4600316421802138
89:520,47.615097848478065,-122.17715931536225,-7.8399997,-1.03,-3.4567083201958493
89:521,47.61508491507101,-122.17715786744402,-7.83,-0.68,-3.4333854941221293
89:522,47.61507253279578,-122.17715539695996,-7.85,-0.94,-3.440062401019601
89:523,47.61505959567506,-122.1771540238779,-7.8799996,-0.85999995,-3.45673905996175
89:524,47.61504642895896,-122.17715746392416,-7.9199996,-0.51,-3.483415947785735
89:525,47.615038019129784,-122.17717142757398,-8.0199995,-0.85999995,-3.5700927783892613
89:526,47.615038019129784,-122.17717142757398,-8.0199995,-0.77,-3.5700927783892613
89:527,47.615032302127645,-122.1771867892682,-8.22,-0.68,-3.7567704672996722
89:528,47.61503015566385,-122.17720622786675,-8.42,-1.03,-3.9434472025357667
89:529,47.615027854701324,-122.17722379813118,-8.559999,-0.95,-4.070123518155162
89:530,47.615027854701324,-122.17722379813118,-8.559999,-0.17,-4.070123518155162
89:531,47.61502541380312,-122.17723950611762,-8.309999,-0.42999998,-3.80680044412612
89:532,47.615024073127344,-122.17725309670622,-8.04,-0.42999998,-3.523477866007722
89:533,47.615023115379266,-122.1772637582516,-7.73,-0.34,-3.200154849199139
89:534,47.61501818711487,-122.17727998655421,-7.5699997,-0.52,-3.026831450920829
89:535,47.61501818711487,-122.17727998655421,-7.5699997,-0.87,-3.026831450920829
89:536,47.615012016016465,-122.1772964837174,-7.54,-1.05,-2.9835086439205956
89:537,47.615005136405756,-122.17731218305225,-7.5699997,-0.88,-3.0001853028627448
89:538,47.615000250852795,-122.17732843975242,-7.64,-0.7,-3.0568624004950795
89:539,47.61499484202477,-122.17734577413407,-7.7,-0.7,-3.1035392692455783
89:540,47.61499143010192,-122.17736365329807,-7.73,0.61,-3.1202164050248857
89:541,47.61499143010192,-122.17736365329807,-7.73,0.08,-3.1202164050248857
89:542,47.61498730747116,-122.17738073729282,-7.83,0,-3.206893235628412
89:543,47.61498464473081,-122.17739942571033,-7.8599997,0.34,-3.223569894570561
89:544,47.61498523996348,-122.17741836619416,-7.74,0.34,-3.090246934982437
89:545,47.614987113074115,-122.17743702739736,-7.6699996,0.16,-3.0069236892920177
89:546,47.61498882535649,-122.17745381657681,-7.6,0.85999995,-2.9236009204387567
89:547,47.61499055528949,-122.17747060178036,-7.5499997,0.85999995,-2.8602776556748513
89:548,47.61499055528949,-122.17747060178036,-7.5499997,0.77,-2.8602776556748513
89:549,47.614991907680896,-122.1774836553794,-7.37,1.4699999,-2.666954753307186
89:550,47.614992688305186,-122.17749111277402,-7.0899997,0.85999995,-2.373631469469794
89:551,47.61499366900422,-122.17750043338813,-6.77,2.08,-2.0403087006165332
89:552,47.61499366900422,-122.17750043338813,-6.77,1.99,-2.0403087006165332
89:553,47.61499366900422,-122.17750043338813,-6.77,1.99,-2.0403087006165332
89:554,47.61499617909838,-122.17751799129861,-6.3199997,1.9,-1.5769853404851961
89:555,47.61499617909838,-122.17751799129861,-6.3199997,1.4599999,-1.5769853404851961
89:556,47.615003075827964,-122.17754024265139,-6.0699997,1.9,-1.313662266456154
89:557,47.615003075827964,-122.17754024265139,-6.0699997,1.9,-1.313662266456154
89:558,47.615011616072806,-122.17754776814381,-6.08,1.7199999,-1.3103394213089476
89:559,47.61502311925588,-122.17754693374982,-6.0899997,1.55,-1.3070160993245832
89:560,47.61503429874121,-122.17754903036159,-6.14,1.55,-1.3436932160304043
89:561,47.61503429874121,-122.17754903036159,-6.14,1.63,-1.3436932160304043
89:562,47.61504077955752,-122.17754937968981,-6.19,1.7199999,-1.3803703327362253
89:563,47.61504077955752,-122.17754937968981,-6.19,1.81,-1.3803703327362253
89:564,47.61504077955752,-122.17754937968981,-6.19,2.1499999,-1.3803703327362253
89:565,47.61504077955752,-122.17754937968981,-6.19,2.1499999,-1.3803703327362253
89:566,47.61504077955752,-122.17754937968981,-6.19,2.24,-1.3803703327362253
89:567,47.61504077955752,-122.17754937968981,-6.19,2.4099998,-1.3803703327362253
89:568,47.61504077955752,-122.17754937968981,-6.19,2.07,-1.3803703327362253
89:569,47.61504077955752,-122.17754937968981,-6.19,1.89,-1.3803703327362253
89:570,47.61504077955752,-122.17754937968981,-6.19,1.89,-1.3803703327362253
89:571,47.61504077955752,-122.17754937968981,-6.19,1.89,-1.3803703327362253
89:572,47.61504077955752,-122.17754937968981,-6.19,2.24,-1.3803703327362253
89:573,47.61504077955752,-122.17754937968981,-6.19,2.07,-1.3803703327362253
89:574,47.61504077955752,-122.17754937968981,-6.19,1.8,-1.3803703327362253
89:575,47.61504077955752,-122.17754937968981,-6.19,1.8,-1.3803703327362253
89:576,47.61504077955752,-122.17754937968981,-6.19,1.7099999,-1.3803703327362253
89:577,47.61504077955752,-122.17754937968981,-6.19,1.7099999,-1.3803703327362253
89:578,47.61504077955752,-122.17754937968981,-6.19,2.32,-1.3803703327362253
89:579,47.61504077955752,-122.17754937968981,-6.19,2.1399999,-1.3803703327362253
89:580,47.61504077955752,-122.17754937968981,-6.19,2.32,-1.3803703327362253
89:581,47.61504077955752,-122.17754937968981,-6.19,2.23,-1.3803703327362253
89:582,47.61504077955752,-122.17754937968981,-6.19,1.6999999,-1.3803703327362253
89:583,47.61504077955752,-122.17754937968981,-6.19,1.79,-1.3803703327362253
89:584,47.61504077955752,-122.17754937968981,-6.19,1.9599999,-1.3803703327362253
89:585,47.61504831081772,-122.17754755544217,-6.22,2.05,-1.3970469916783745
89:586,47.61504518029287,-122.17754258466745,-6.22,2.22,-1.3970469916783745
89:587,47.61504518029287,-122.17754258466745,-6.22,2.05,-1.3970469916783745
89:588,47.615033471974854,-122.17754163760891,-6.23,1.6999999,-1.3937241465311683
89:589,47.615022180908056,-122.177544426258,-6.22,1.6999999,-1.3704008436202901
89:590,47.61501246282263,-122.17755544608453,-6.25,1.9599999,-1.3870779793995975
89:591,47.615006421059235,-122.17757035373303,-6.29,2.1299999,-1.4137548672235827
89:592,47.615002374382776,-122.17758572494957,-6.2999997,2.05,-1.4104315452392182
89:593,47.61499834388177,-122.17760110549278,-6.31,1.9599999,-1.407108700092012
89:594,47.61499159892357,-122.17761527137965,-6.3399997,2.1299999,-1.4237853590341611
89:595,47.61499159892357,-122.17761527137965,-6.3399997,2.1299999,-1.4237853590341611
89:596,47.61498265652231,-122.17762713857356,-6.39,1.87,-1.4604624757399822
89:597,47.61497453807428,-122.17763497549899,-6.43,1.86,-1.4871393635639674
89:598,47.614976306601946,-122.17763355555844,-6.43,2.22,-1.4871393635639674
89:599,47.614976306601946,-122.17763355555844,-6.43,1.86,-1.4871393635639674
89:600,47.61498153770582,-122.17763409857231,-6.3799996,1.86,-1.4238160988000619
89:601,47.61498153770582,-122.17763409857231,-6.3799996,1.16,-1.4238160988000619
89:602,47.61497513726933,-122.17764536742678,-6.42,1.68,-1.4504934634612052
89:603,47.61497243962226,-122.17766046110651,-6.41,1.5899999,-1.427170160550327
89:604,47.61497385801911,-122.1776667910158,-6.41,1.77,-1.427170160550327
89:605,47.614974085470344,-122.17766864730132,-6.42,1.3299999,-1.4238473154031208
89:606,47.614974085470344,-122.17766864730132,-6.42,1.68,-1.4238473154031208
89:607,47.61498261511451,-122.1776644193315,-6.42,1.42,-1.4238473154031208
89:608,47.61499266696662,-122.17765686418676,-6.45,2.81,-1.44052397434527
89:609,47.61499266696662,-122.17765686418676,-6.45,2.98,-1.44052397434527
89:610,47.61499786216888,-122.17766213825979,-6.23,3.07,-1.2072011101245774
89:611,47.615003097200834,-122.17766259041298,-5.89,3.07,-0.8538778835076446
89:612,47.615007826299596,-122.17766413926842,-5.5299997,3.06,-0.48055467596419815
89:613,47.615012823639866,-122.17766272598833,-5.17,3.59,-0.10723194525790988
89:614,47.615012823639866,-122.17766272598833,-5.17,3.6699998,-0.10723194525790988
89:615,47.61501976462467,-122.17767131325382,-5,3.85,0.0760912050650776
89:616,47.61501422241348,-122.17768346900972,-5.0299997,3.58,0.05941454612292837
89:617,47.61500376281302,-122.17767785151351,-4.48,4.2799997,0.6227373340496757
89:618,47.61500376281302,-122.17767785151351,-4.48,4.19,0.6227373340496757
89:619,47.614998024249324,-122.17767856128657,-4.17,4.98,0.9460603508582589
89:620,47.61499378887068,-122.1776759537513,-3.82,5.33,1.3093835679384487
89:621,47.6149828153951,-122.17767150655938,-3.6,4.98,1.5427066705777204
89:622,47.61497184090749,-122.17767189488173,-3.6499999,5.0699997,1.5060297922904784
89:623,47.61497184090749,-122.17767189488173,-3.6499999,4.7999997,1.5060297922904784
89:624,47.61497184090749,-122.17767189488173,-3.6499999,4.45,1.5060297922904784
89:625,47.61496661100434,-122.17767635587165,-3.6599998,4.7999997,1.5093528758562638
89:626,47.61496328174269,-122.17771302029996,-3.7099998,4.44,1.4726759975690218
89:627,47.614961390020845,-122.17773191434516,-3.72,4.5299997,1.475998842716228
89:628,47.614957510673705,-122.1777504670092,-3.74,4.79,1.4693219358187566
89:629,47.61495488572182,-122.17776863624287,-3.76,4.88,1.4626450289212851
89:630,47.61495178952049,-122.17778792976205,-3.78,4.62,1.4559681220238136
89:631,47.614948439023195,-122.1778053814235,-3.84,4.96,1.4092912532733148
89:632,47.614945861860086,-122.17782356569565,-3.87,4.96,1.3926143559125865
89:633,47.614945861860086,-122.17782356569565,-3.87,4.96,1.3926143559125865
89:634,47.61494329428561,-122.17784175291949,-3.8999999,4.79,1.3759374585518582
89:635,47.614940248840554,-122.17786106421258,-3.8799999,4.52,1.409260513507414
89:636,47.61493845650426,-122.17787997961956,-3.9299998,4.52,1.3725836352201721
89:637,47.614935927198545,-122.17789817862483,-3.9499998,4.52,1.3659067283227007
89:638,47.614932922372226,-122.17791750391312,-3.9599998,4.52,1.369229811888486
89:639,47.614927663788954,-122.17793468264267,-3.97,4.43,1.3725526570356923
89:640,47.614933596835456,-122.17794818773332,-3.99,4.43,1.3658757501382208
89:641,47.614933596835456,-122.17794818773332,-3.99,4.42,1.3658757501382208
89:642,47.614941395771105,-122.17795236326565,-4.0899997,5.0299997,1.2791991579532738
89:643,47.614941395771105,-122.17795236326565,-4.0899997,4.95,1.2791991579532738
89:644,47.61495020115272,-122.1779416793534,-4.11,5.65,1.272521774218644
89:645,47.61495792423699,-122.17794101025548,-3.9499998,5.65,1.4458451724969539
89:646,47.614962689100146,-122.17794229542221,-3.55,6.08,1.8591681034748486
89:647,47.614966692499124,-122.17794286685906,-3.21,6.08,2.2124910916732023
89:648,47.61497269848097,-122.17794371013363,-2.87,5.5499997,2.565814318290135
89:649,47.614978516995656,-122.17794751649795,-2.5,6.5099998,2.9491372778782594
89:650,47.614979298854976,-122.17796080692763,-2.57,6.8599997,2.8924604186645038
89:651,47.614969391484145,-122.17796424392039,-2.57,6.5099998,2.8924604186645038
89:652,47.614969391484145,-122.17796424392039,-2.57,7.29,2.8924604186645038
89:653,47.61496414808144,-122.17796413740417,-2.2,7.0299997,3.275783378252628
89:654,47.61495890452436,-122.17796404908172,-1.87,6.94,3.6191064951970144
89:655,47.61495336450878,-122.17796213815132,-1.56,7.0299997,3.942429631214887
89:656,47.614947526165004,-122.17795839919297,-1.1899999,7.5499997,4.325752710012301
89:657,47.614947526165004,-122.17795839919297,-1.1899999,7.5499997,4.325752710012301
89:658,47.61493691117384,-122.17795346468809,-1.3,7.72,4.2290757697362285
89:659,47.614928466558005,-122.17794582086465,-1.3199999,7.72,4.222398862838757
89:660,47.614928466558005,-122.17794582086465,-1.3199999,7.46,4.222398862838757
89:661,47.61492209816367,-122.17795881408712,-1.31,7.54,4.245721927331056
89:662,47.61492065462024,-122.17797779499163,-1.35,7.54,4.219044920297781
89:663,47.61491845153379,-122.17799608715407,-1.38,7.98,4.202368022937053
89:664,47.61491827242023,-122.17801461904159,-1.37,7.54,4.225691087429352
89:665,47.61491934679281,-122.17803269458373,-1.41,7.2,4.199014199605367
89:666,47.614919968218395,-122.17805191305047,-1.4399999,8.33,4.182337302244639
89:667,47.61491982811118,-122.17807044565048,-1.4699999,8.15,4.16566040488391
89:668,47.61491938157947,-122.17807937051843,-1.4699999,8.24,4.16566040488391
89:669,47.61491938157947,-122.17807937051843,-1.4699999,8.24,4.16566040488391
89:670,47.614918676480656,-122.17809424940361,-1.49,8.32,4.158983378777149
89:671,47.61492107741194,-122.17811184086442,-1.4599999,7.71,4.202306543405252
89:672,47.61492107741194,-122.17811184086442,-1.4599999,7.98,4.202306543405252
89:673,47.614924272124014,-122.17813010287354,-1.4399999,7.89,4.235629598360807
89:674,47.61492793161878,-122.17814721060925,-1.4599999,7.89,4.228952691463336
89:675,47.614926035094044,-122.17816257026782,-1.4399999,7.89,4.262275746418892
89:676,47.614926035094044,-122.17816257026782,-1.4399999,8.32,4.262275746418892
89:677,47.6149230936659,-122.1782017458935,-1.25,8.41,4.4655987584591035
89:678,47.6149238767431,-122.17822095143374,-1.18,8.67,4.548921884940233
89:679,47.61492791635244,-122.1782398571713,-1.12,8.58,4.622244901748816
89:680,47.61493365498475,-122.17825711198387,-1.12,8.67,4.622244901748816
89:681,47.61494198038595,-122.17827040615408,-1.15,8.49,4.605568004388088
89:682,47.61495411667593,-122.17827924409912,-1.2099999,8.58,4.558891135637589
89:683,47.61496682368668,-122.17828393361161,-1.25,8.41,4.5322141286043145
89:684,47.614979982889686,-122.17828743633093,-1.3,8.67,4.4955372503170725
89:685,47.614992810950454,-122.17828908847733,-1.42,7.89,4.388860319577743
89:686,47.614992810950454,-122.17828908847733,-1.42,8.23,4.388860319577743
89:687,47.61500686656175,-122.17829022768682,-1.56,8.32,4.2621834079119
89:688,47.615020141462985,-122.17829067522796,-1.7099999,7.71,4.1255065057828
89:689,47.615033416810206,-122.17829109213231,-1.91,7.18,3.9388295321281266
89:690,47.61504624993117,-122.17829265516744,-2.08,7.5299997,3.782152649072513
89:691,47.61505908468168,-122.17829418848184,-2.25,7.27,3.62547564680761
89:692,47.61507236102379,-122.17829452853982,-2.46,7.18,3.4287986826896795
89:693,47.61508485283925,-122.17829420145921,-2.6499999,7.0099998,3.252121937916842
89:694,47.61509769229831,-122.17829564566235,-2.82,6.66,3.0954449356519387
89:695,47.61509769229831,-122.17829564566235,-2.82,7.0899997,3.0954449356519387
89:696,47.61511018336762,-122.17829526076882,-3.06,7.18,2.8687680001442377
89:697,47.61512311053092,-122.17829369488376,-3.24,7,2.7020910074160778
89:698,47.61513603688801,-122.17829211398568,-3.3999999,6.83,2.5554142340330106
89:699,47.61514931437938,-122.17829233119123,-3.59,6.92,2.378737250841594
89:700,47.61516259209374,-122.17829251760732,-3.78,6.83,2.202060267650177
89:701,47.6151762247804,-122.17829450039675,-3.9299998,6.83,2.0653834847303667
89:702,47.61518871424159,-122.17829401438152,-4.08,7.18,1.9287064633919773
89:703,47.61520242422478,-122.17829298458906,-4.25,6.2999997,1.7720294611270742
89:704,47.615215270907484,-122.1782942801886,-4.39,6.48,1.6453526686705207
89:705,47.615228979773576,-122.17829321869064,-4.5,6.2999997,1.5486756091851586
89:706,47.61524182778779,-122.17829448446766,-4.63,5.7799997,1.4319985687732828
89:707,47.61524182778779,-122.17829448446766,-4.63,5.6,1.4319985687732828
89:708,47.61525517494682,-122.1782915820153,-4.73,5.95,1.3453217381697566
89:709,47.615267797533875,-122.17828504630656,-4.83,5.95,1.2586449075662305
89:710,47.61527817596547,-122.17827062687115,-4.92,5.5099998,1.181967829007382
89:711,47.61528538233577,-122.17825365766251,-5.0499997,5.43,1.0652912654326645
89:712,47.615289778362566,-122.17823595362938,-5.15,5.43,0.9786139579919801
89:713,47.61529538333726,-122.17821770256197,-5.2999997,5.5099998,0.8419374134907489
89:714,47.61530018658067,-122.1781988132624,-5.45,5.3399997,0.7052603921523595
89:715,47.61530376224782,-122.17818046315983,-5.6299996,5.25,0.5385836378427786
89:716,47.61530376224782,-122.17818046315983,-5.6299996,5.3399997,0.5385836378427786
89:717,47.6153065354461,-122.17816147910003,-5.7599998,5.3399997,0.4219065974309028
89:718,47.61530850558373,-122.1781418628642,-5.8599997,4.64,0.3352297668273766
89:719,47.61530844482715,-122.1781221654562,-6.0099998,4.2799997,0.19855274548898713
89:720,47.615310746595874,-122.17810434396515,-6.1299996,4.37,0.09187593395894728
89:721,47.61531345988666,-122.17808534082099,-6.2599998,4.2,-0.024801106452928524
89:722,47.61531616321144,-122.17806633457242,-6.42,4.5499997,-0.17147835667315392
89:723,47.615316040274564,-122.17804663777511,-6.49,4.37,-0.2281549774683305
89:724,47.61531347805188,-122.17802806161185,-6.5899997,4.02,-0.3148318080718567
89:725,47.61531132386058,-122.17800830705254,-6.72,3.9399998,-0.4315088484837325
89:726,47.61531116985929,-122.1779886106878,-6.79,3.77,-0.4881859461160673
89:727,47.61531116985929,-122.1779886106878,-6.79,3.6699998,-0.4881859461160673
89:728,47.61531180255451,-122.177969532453,-6.8599997,3.59,-0.5448625669112439
89:729,47.615312830441965,-122.17794926943526,-6.99,3.32,-0.6615396073231197
89:730,47.615313433041926,-122.17793018903757,-7.1299996,3.32,-0.7882163997796732
89:731,47.615313216886065,-122.17791049399602,-7.22,3.4099998,-0.8648934783385216
89:732,47.615313789356456,-122.17789141156267,-7.31,3.49,-0.94157055689737
89:733,47.61531393020984,-122.17787351401405,-7.45,3.4099998,-1.0682473493539235
89:734,47.615313662285665,-122.17785382037204,-7.58,3.4099998,-1.1849243897657993
89:735,47.6153161954337,-122.17783476259568,-7.66,2.97,-1.2516012394428118
89:736,47.61531750860434,-122.17781628322834,-7.81,3.05,-1.3882782607812012
89:737,47.61531750860434,-122.17781628322834,-7.81,3.1399999,-1.3882782607812012
89:738,47.61531880234043,-122.17779780083293,-7.97,3.1399999,-1.5349550341642684
89:739,47.61532008635924,-122.17777931693622,-8.09,2.62,-1.6416323225314664
89:740,47.615319349750024,-122.17776081535467,-8.24,2.62,-1.7783088670326976
89:741,47.615319811822516,-122.17774172633085,-8.44,2.79,-1.9649856022687922
89:742,47.61531461946769,-122.17772440029542,-8.63,1.74,-2.141663062297367
89:743,47.615305795534894,-122.17770885771957,-8.78,1.8299999,-2.2783396067985984
89:744,47.615305795534894,-122.17770885771957,-8.78,2.01,-2.2783396067985984
89:745,47.615300584963386,-122.17769154373273,-8.94,2.27,-2.4250163801816655
89:746,47.615296964920944,-122.1776724518717,-9.09,2.18,-2.561693878357213
89:747,47.61529333483531,-122.17765336421559,-9.23,1.31,-2.6883701939766085
89:748,47.61529170566011,-122.17763427603785,-9.44,1.39,-2.885047158094539
89:749,47.61529207737821,-122.17761518267551,-9.61,1.22,-3.041724160359442
89:750,47.61529323496518,-122.17759668041327,-9.79,0.87,-3.208401391506181
89:751,47.615293974957865,-122.17757638976772,-9.98,1.05,-3.3850778978604397
89:752,47.615293974957865,-122.17757638976772,-9.98,1.04,-3.3850778978604397
89:753,47.61529389932947,-122.17755849136667,-10.17,1.04,-3.5617553578890147
89:754,47.61529621164312,-122.17753937193191,-10.33,0.96,-3.708432131272082
89:755,47.61529932171708,-122.17752083616071,-10.46,1.13,-3.8251091716839576
89:756,47.61530202740043,-122.177503495583,-10.62,0.96,-3.9717859450670248
89:757,47.615300681861726,-122.17748322958808,-10.7699995,1.04,-4.1084624895682555
89:758,47.6153001343921,-122.17746354867533,-10.889999,1.04,-4.215139301098295
89:759,47.6153001343921,-122.17746354867533,-10.889999,0.69,-4.215139301098295
89:760,47.615300375557304,-122.1774444507073,-11.07,0.69,-4.381816532245034
89:761,47.61530021521791,-122.17742655354039,-11.21,0.68,-4.508493801538746
89:762,47.61530042626212,-122.17740745478353,-11.34,0.51,-4.625170841950622
89:763,47.61530062725456,-122.17738835578494,-11.469999,0.16,-4.741846928688181
89:764,47.6153008081692,-122.17736925635378,-11.599999,0.25,-4.858523969100057
89:765,47.6153008081692,-122.17736925635378,-11.599999,0.25,-4.858523969100057
89:766,47.61530179051495,-122.17735073179465,-11.79,0.16,-5.035201429128632
89:767,47.61530194129144,-122.17733163177823,-11.929999,0.68,-5.161877744748027
89:768,47.6153016962582,-122.17731373669787,-12.099999,-0.099999994,-5.31855474701293
89:769,47.615302629888895,-122.17729520659155,-12.2,-0.19,-5.405232054453615
89:770,47.615303544025004,-122.17727667437322,-12.3,-0.02,-5.491909361894299
89:771,47.6153044484181,-122.17725814108617,-12.46,-0.099999994,-5.638586135277366
89:772,47.61530491085081,-122.17723783236772,-12.61,-0.71999997,-5.7752626797785975
89:773,47.61530491085081,-122.17723783236772,-12.61,-0.89,-5.7752626797785975
89:774,47.61530497122144,-122.17721873125713,-12.73,-0.89,-5.881939491308637
89:775,47.61530583662535,-122.1772001938733,-12.86,-1.0699999,-5.998616531720513
89:776,47.61530587690961,-122.17718109266093,-12.95,-1.0699999,-6.0752936102793615
89:777,47.6153038970547,-122.17716207755723,-12.98,-0.55,-6.091970269221511
89:778,47.6153038970547,-122.17716207755723,-12.98,-0.64,-6.091970269221511
89:779,47.61529838453996,-122.17714799497362,-13.0199995,-0.71999997,-6.118647157045496
89:780,47.61528739578519,-122.17714192561048,-13.04,-0.64,-6.125324540780126
89:781,47.61527527321776,-122.17713950283733,-13,-0.55,-6.072001504898056
89:782,47.61526283845379,-122.17714130180613,-12.98,-0.55,-6.038677973105342
89:783,47.61525040558738,-122.17714312957959,-12.99,-0.71999997,-6.035355127958136
89:784,47.61523872106298,-122.17714254480914,-12.98,-0.64,-6.0120318250472575
89:785,47.6152266631845,-122.17714318744339,-12.98,-0.55,-6.0120318250472575
89:786,47.6152266631845,-122.17714318744339,-12.98,-0.21,-6.0120318250472575
89:787,47.615214606354506,-122.17714387196148,-12.99,-0.38,-6.008708979900051
89:788,47.6152017304342,-122.1771440207941,-12.99,-0.38,-6.008708979900051
89:789,47.61518930550329,-122.17714596363358,-12.99,-0.29,-6.008708979900051
89:790,47.61517815367319,-122.17715023125433,-13,-0.38,-6.005386134752845
89:791,47.61516708882689,-122.17715749227081,-13.0199995,-0.47,-6.012062564813158
89:792,47.615156935007676,-122.17716829132542,-13.0199995,-0.47,-6.012062564813158
89:793,47.61515052614897,-122.17718303985164,-13.049999,-0.47,-6.0287392237553075
89:794,47.61515052614897,-122.17718303985164,-13.049999,-0.29999998,-6.0287392237553075
89:795,47.61514786636755,-122.17720172922337,-13.17,-0.39,-6.135416988959664
89:796,47.6151480470592,-122.17722082865453,-13.259999,0.31,-6.212093113844196
89:797,47.61514659371273,-122.17723884577306,-13.309999,0.22,-6.248770230550017
89:798,47.61514798090794,-122.17725726501193,-13.299999,0.31,-6.225446927639139
89:799,47.61514919946162,-122.17726972033515,-13.099999,0.29999998,-6.01212404434496
89:800,47.61514919946162,-122.17726972033515,-13.099999,0.22,-6.01212404434496
89:801,47.61514903877058,-122.17727690068837,-12.679999,0.04,-5.578800894021972
89:802,47.61514903877058,-122.17727690068837,-12.679999,0.29999998,-5.578800894021972
89:803,47.615154075271576,-122.17730639099769,-12.44,0.65,-5.325478048874766
89:804,47.61515943357489,-122.1773215140101,-12.44,0.82,-5.325478048874766
89:805,47.61516243203737,-122.17733800954475,-12.48,0.82,-5.352154936698751
89:806,47.61516243203737,-122.17733800954475,-12.48,0.82,-5.352154936698751
89:807,47.61516260648526,-122.17735412738705,-12.5199995,0.90999997,-5.378831824522736
89:808,47.61516042307351,-122.17737162922766,-12.55,0.82,-5.395509437139202
89:809,47.61515412317184,-122.17738648072041,-12.57,0.72999996,-5.402185867199515
89:810,47.61514950479689,-122.17739223863941,-12.61,0.72999996,-5.4288627550235
89:811,47.61514950479689,-122.17739223863941,-12.61,0.98999995,-5.4288627550235
89:812,47.61514950479689,-122.17739223863941,-12.61,0.98999995,-5.4288627550235
89:813,47.61514950479689,-122.17739223863941,-12.61,0.98999995,-5.4288627550235
89:814,47.615141474078825,-122.17739291811922,-12.69,0.55,-5.495539604700513
89:815,47.615141474078825,-122.17739291811922,-12.69,0.37,-5.495539604700513
89:816,47.61513710630332,-122.17739450338128,-12.679999,0.37,-5.472216301789635
89:817,47.61513710630332,-122.17739450338128,-12.679999,0.45999998,-5.472216301789635
89:818,47.61513710630332,-122.17739450338128,-12.679999,0.81,-5.472216301789635
89:819,47.61513710630332,-122.17739450338128,-12.679999,0.97999996,-5.472216301789635
89:820,47.61513710630332,-122.17739450338128,-12.679999,0.97999996,-5.472216301789635
89:821,47.61513710630332,-122.17739450338128,-12.69,0.97999996,-5.468893456642428
89:822,47.61513073401522,-122.1773962899325,-12.73,0.53999996,-5.4955703444664135
89:823,47.61513073401522,-122.1773962899325,-12.73,0.11,-5.4955703444664135
89:824,47.61513073401522,-122.1773962899325,-12.73,0.45999998,-5.4955703444664135
89:825,47.61513073401522,-122.1773962899325,-12.73,0.62,-5.4955703444664135
89:826,47.61513073401522,-122.1773962899325,-12.73,0.79999995,-5.4955703444664135
89:827,47.61513073401522,-122.1773962899325,-12.73,0.79999995,-5.4955703444664135
89:828,47.61513073401522,-122.1773962899325,-12.73,0.79999995,-5.4955703444664135
89:829,47.61513073401522,-122.1773962899325,-12.73,0.88,-5.4955703444664135
89:830,47.61513073401522,-122.1773962899325,-12.73,0.96999997,-5.4955703444664135
89:831,47.61513073401522,-122.1773962899325,-12.73,0.96999997,-5.4955703444664135
89:832,47.61513073401522,-122.1773962899325,-12.73,0.96999997,-5.4955703444664135
89:833,47.61513073401522,-122.1773962899325,-12.73,0.62,-5.4955703444664135
89:834,47.61513073401522,-122.1773962899325,-12.73,0.71,-5.4955703444664135
89:835,47.61513073401522,-122.1773962899325,-12.73,0.53999996,-5.4955703444664135
89:836,47.61513073401522,-122.1773962899325,-12.73,0.78999996,-5.4955703444664135
89:837,47.61513073401522,-122.1773962899325,-12.73,0.88,-5.4955703444664135
89:838,47.61513073401522,-122.1773962899325,-12.73,0.53999996,-5.4955703444664135
89:839,47.61513073401522,-122.1773962899325,-12.73,0.62,-5.4955703444664135
89:840,47.61513073401522,-122.1773962899325,-12.73,0.88,-5.4955703444664135
89:841,47.61513073401522,-122.1773962899325,-12.73,0.62,-5.4955703444664135
89:842,47.61513073401522,-122.1773962899325,-12.73,0.88,-5.4955703444664135
89:843,47.61513073401522,-122.1773962899325,-12.73,0.78999996,-5.4955703444664135
89:844,47.61513073401522,-122.1773962899325,-12.73,0.61,-5.4955703444664135
89:845,47.61513073401522,-122.1773962899325,-12.73,0.61,-5.4955703444664135
89:846,47.61513073401522,-122.1773962899325,-12.73,0.45,-5.4955703444664135
89:847,47.61513073401522,-122.1773962899325,-12.73,0.35,-5.4955703444664135
89:848,47.61513073401522,-122.1773962899325,-12.73,0.35,-5.4955703444664135
89:849,47.61513073401522,-122.1773962899325,-12.73,0.26,-5.4955703444664135
89:850,47.61513073401522,-122.1773962899325,-12.73,0.35,-5.4955703444664135
89:851,47.61513073401522,-122.1773962899325,-12.73,0.089999996,-5.4955703444664135
89:852,47.61513073401522,-122.1773962899325,-12.73,0.61,-5.4955703444664135
89:853,47.61513073401522,-122.1773962899325,-12.73,0.78999996,-5.4955703444664135
89:854,47.61513073401522,-122.1773962899325,-12.73,0.42999998,-5.4955703444664135
89:855,47.61513073401522,-122.1773962899325,-12.73,0.7,-5.4955703444664135
89:856,47.61513073401522,-122.1773962899325,-12.73,0.78999996,-5.4955703444664135
89:857,47.61513073401522,-122.1773962899325,-12.73,0.61,-5.4955703444664135
89:858,47.61513073401522,-122.1773962899325,-12.73,0.42999998,-5.4955703444664135
89:859,47.61513073401522,-122.1773962899325,-12.73,0.52,-5.4955703444664135
89:860,47.61513073401522,-122.1773962899325,-12.73,0.61,-5.4955703444664135
89:861,47.61513073401522,-122.1773962899325,-12.73,0.52,-5.4955703444664135
89:862,47.61513073401522,-122.1773962899325,-12.73,0.42999998,-5.4955703444664135
89:863,47.61513073401522,-122.1773962899325,-12.73,0.87,-5.4955703444664135
89:864,47.61513073401522,-122.1773962899325,-12.73,1.13,-5.4955703444664135
89:865,47.61513073401522,-122.1773962899325,-12.73,0.78,-5.4955703444664135
89:866,47.61513073401522,-122.1773962899325,-12.73,1.05,-5.4955703444664135
89:867,47.61513073401522,-122.1773962899325,-12.73,0.96,-5.4955703444664135
89:868,47.61513073401522,-122.1773962899325,-12.73,1.39,-5.4955703444664135
89:869,47.61513073401522,-122.1773962899325,-12.73,1.31,-5.4955703444664135
89:870,47.61513073401522,-122.1773962899325,-12.73,0.78,-5.4955703444664135
89:871,47.61513073401522,-122.1773962899325,-12.73,0.7,-5.4955703444664135
89:872,47.61513073401522,-122.1773962899325,-12.73,0.78,-5.4955703444664135
89:873,47.61513073401522,-122.1773962899325,-12.73,0.7,-5.4955703444664135
89:874,47.61513073401522,-122.1773962899325,-12.73,0.7,-5.4955703444664135
89:875,47.61513073401522,-122.1773962899325,-12.73,0.96999997,-5.4955703444664135
89:876,47.61513073401522,-122.1773962899325,-12.73,0.42999998,-5.4955703444664135
89:877,47.61513073401522,-122.1773962899325,-12.73,0.78999996,-5.4955703444664135
89:878,47.61513073401522,-122.1773962899325,-12.73,0.7,-5.4955703444664135
89:879,47.61513073401522,-122.1773962899325,-12.73,0.78999996,-5.4955703444664135
89:880,47.61513073401522,-122.1773962899325,-12.73,0.44,-5.4955703444664135
89:881,47.61513073401522,-122.1773962899325,-12.73,0.7,-5.4955703444664135
89:882,47.61513073401522,-122.1773962899325,-12.73,0.61,-5.4955703444664135
89:883,47.61513073401522,-122.1773962899325,-12.73,0.61,-5.4955703444664135
89:884,47.61513073401522,-122.1773962899325,-12.73,0.7,-5.4955703444664135
89:885,47.61513073401522,-122.1773962899325,-12.73,0.96,-5.4955703444664135
89:886,47.61513073401522,-122.1773962899325,-12.73,1.13,-5.4955703444664135
89:887,47.61513073401522,-122.1773962899325,-12.73,0.62,-5.4955703444664135
89:888,47.61513073401522,-122.1773962899325,-12.73,0.52,-5.4955703444664135
89:889,47.61513073401522,-122.1773962899325,-12.73,0.61,-5.4955703444664135
89:890,47.61513073401522,-122.1773962899325,-12.73,0.78999996,-5.4955703444664135
89:891,47.61513073401522,-122.1773962899325,-12.73,0.7,-5.4955703444664135
89:892,47.61513073401522,-122.1773962899325,-12.73,0.7,-5.4955703444664135
89:893,47.61513073401522,-122.1773962899325,-12.73,0.7,-5.4955703444664135
89:894,47.61513073401522,-122.1773962899325,-12.73,0.7,-5.4955703444664135
89:895,47.61513073401522,-122.1773962899325,-12.73,0.78999996,-5.4955703444664135
89:896,47.61513073401522,-122.1773962899325,-12.73,0.53999996,-5.4955703444664135
89:897,47.61513073401522,-122.1773962899325,-12.73,0.61,-5.4955703444664135
89:898,47.61513073401522,-122.1773962899325,-12.73,1.05,-5.4955703444664135
89:899,47.61513073401522,-122.1773962899325,-12.73,0.96999997,-5.4955703444664135
89:900,47.61513073401522,-122.1773962899325,-12.73,1.49,-5.4955703444664135
89:901,47.61513073401522,-122.1773962899325,-12.73,1.31,-5.4955703444664135
89:902,47.61513073401522,-122.1773962899325,-12.73,1.3199999,-5.4955703444664135
89:903,47.61513073401522,-122.1773962899325,-12.73,0.78999996,-5.4955703444664135
89:904,47.61513073401522,-122.1773962899325,-12.73,0.78999996,-5.4955703444664135
89:905,47.61513073401522,-122.1773962899325,-12.73,0.26999998,-5.4955703444664135
89:906,47.61513073401522,-122.1773962899325,-12.73,0.62,-5.4955703444664135
89:907,47.61513073401522,-122.1773962899325,-12.73,0.88,-5.4955703444664135
89:908,47.61513073401522,-122.1773962899325,-12.73,0.96999997,-5.4955703444664135
89:909,47.61513073401522,-122.1773962899325,-12.73,0.96999997,-5.4955703444664135
89:910,47.61513073401522,-122.1773962899325,-12.73,0.79999995,-5.4955703444664135
89:911,47.61513073401522,-122.1773962899325,-12.73,1.06,-5.4955703444664135
89:912,47.61513073401522,-122.1773962899325,-12.73,0.97999996,-5.4955703444664135
89:913,47.61513073401522,-122.1773962899325,-12.73,0.62,-5.4955703444664135
89:914,47.61513073401522,-122.1773962899325,-12.73,0.62,-5.4955703444664135
89:915,47.61513073401522,-122.1773962899325,-12.73,0.79999995,-5.4955703444664135
89:916,47.61513073401522,-122.1773962899325,-12.73,0.79999995,-5.4955703444664135
89:917,47.61513073401522,-122.1773962899325,-12.73,0.71,-5.4955703444664135
89:918,47.61513073401522,-122.1773962899325,-12.73,0.89,-5.4955703444664135
89:919,47.61513073401522,-122.1773962899325,-12.73,1.0699999,-5.4955703444664135
89:920,47.61513073401522,-122.1773962899325,-12.73,1.16,-5.4955703444664135
89:921,47.61513073401522,-122.1773962899325,-12.73,1.3299999,-5.4955703444664135
89:922,47.61513073401522,-122.1773962899325,-12.73,0.97999996,-5.4955703444664135
89:923,47.61513073401522,-122.1773962899325,-12.73,0.97999996,-5.4955703444664135
89:924,47.61513073401522,-122.1773962899325,-12.73,1.42,-5.4955703444664135
89:925,47.61513073401522,-122.1773962899325,-12.73,1.3399999,-5.4955703444664135
89:926,47.61513073401522,-122.1773962899325,-12.73,0.97999996,-5.4955703444664135
89:927,47.61513073401522,-122.1773962899325,-12.73,0.81,-5.4955703444664135
89:928,47.61513073401522,-122.1773962899325,-12.73,0.45999998,-5.4955703444664135
89:929,47.61513073401522,-122.1773962899325,-12.73,0.64,-5.4955703444664135
89:930,47.61513073401522,-122.1773962899325,-12.73,0.55,-5.4955703444664135
89:931,47.61513073401522,-122.1773962899325,-12.73,0.29,-5.4955703444664135
89:932,47.61513073401522,-122.1773962899325,-12.73,0.29,-5.4955703444664135
89:933,47.61513073401522,-122.1773962899325,-12.73,0.47,-5.4955703444664135
89:934,47.61513073401522,-122.1773962899325,-12.73,0.47,-5.4955703444664135
89:935,47.61513073401522,-122.1773962899325,-12.73,0.82,-5.4955703444664135
89:936,47.61513073401522,-122.1773962899325,-12.73,1.3399999,-5.4955703444664135
89:937,47.61513073401522,-122.1773962899325,-12.73,1.6899999,-5.4955703444664135
89:938,47.61513073401522,-122.1773962899325,-12.73,1.6899999,-5.4955703444664135
89:939,47.61513073401522,-122.1773962899325,-12.73,0.98999995,-5.4955703444664135
89:940,47.61513073401522,-122.1773962899325,-12.73,1.17,-5.4955703444664135
89:941,47.61513073401522,-122.1773962899325,-12.73,1.17,-5.4955703444664135
89:942,47.61513073401522,-122.1773962899325,-12.73,0.98999995,-5.4955703444664135
89:943,47.61513073401522,-122.1773962899325,-12.73,0.90999997,-5.4955703444664135
89:944,47.61513073401522,-122.1773962899325,-12.73,1.17,-5.4955703444664135
89:945,47.61513073401522,-122.1773962899325,-12.73,1.26,-5.4955703444664135
89:946,47.61513073401522,-122.1773962899325,-12.73,1.26,-5.4955703444664135
89:947,47.61513073401522,-122.1773962899325,-12.73,1.62,-5.4955703444664135
89:948,47.61513073401522,-122.1773962899325,-12.73,2.1399999,-5.4955703444664135
89:949,47.61513073401522,-122.1773962899325,-12.73,1.35,-5.4955703444664135
89:950,47.61513073401522,-122.1773962899325,-12.73,1.27,-5.4955703444664135
89:951,47.61513073401522,-122.1773962899325,-12.73,1.27,-5.4955703444664135
89:952,47.61513073401522,-122.1773962899325,-12.73,1.1899999,-5.4955703444664135
89:953,47.61513073401522,-122.1773962899325,-12.73,1.36,-5.4955703444664135
89:954,47.61513073401522,-122.1773962899325,-12.73,1.1899999,-5.4955703444664135
89:955,47.61513073401522,-122.1773962899325,-12.73,0.93,-5.4955703444664135
89:956,47.61513073401522,-122.1773962899325,-12.73,1.02,-5.4955703444664135
89:957,47.61513073401522,-122.1773962899325,-12.73,1.37,-5.4955703444664135
89:958,47.61513073401522,-122.1773962899325,-12.73,1.37,-5.4955703444664135
89:959,47.61513073401522,-122.1773962899325,-12.73,1.11,-5.4955703444664135
89:960,47.61513073401522,-122.1773962899325,-12.73,1.1899999,-5.4955703444664135
89:961,47.61513073401522,-122.1773962899325,-12.73,1.02,-5.4955703444664135
89:962,47.61513073401522,-122.1773962899325,-12.73,0.94,-5.4955703444664135
89:963,47.61513073401522,-122.1773962899325,-12.73,1.02,-5.4955703444664135
89:964,47.61513073401522,-122.1773962899325,-12.73,1.7199999,-5.4955703444664135
89:965,47.61513073401522,-122.1773962899325,-12.73,1.28,-5.4955703444664135
89:966,47.61513073401522,-122.1773962899325,-12.73,1.37,-5.4955703444664135
89:967,47.61513073401522,-122.1773962899325,-12.73,1.37,-5.4955703444664135
89:968,47.61513073401522,-122.1773962899325,-12.73,1.1999999,-5.4955703444664135
89:969,47.61513073401522,-122.1773962899325,-12.73,1.29,-5.4955703444664135
89:970,47.61513073401522,-122.1773962899325,-12.73,0.85999995,-5.4955703444664135
89:971,47.61513073401522,-122.1773962899325,-12.73,1.12,-5.4955703444664135
89:972,47.61513073401522,-122.1773962899325,-12.73,0.85999995,-5.4955703444664135
89:973,47.61513073401522,-122.1773962899325,-12.73,0.85999995,-5.4955703444664135
89:974,47.61513073401522,-122.1773962899325,-12.73,0.85999995,-5.4955703444664135
89:975,47.61513073401522,-122.1773962899325,-12.73,0.85999995,-5.4955703444664135
89:976,47.61513073401522,-122.1773962899325,-12.73,1.04,-5.4955703444664135
89:977,47.61513073401522,-122.1773962899325,-12.73,1.73,-5.4955703444664135
89:978,47.61513073401522,-122.1773962899325,-12.73,1.13,-5.4955703444664135
89:979,47.61513073401522,-122.1773962899325,-12.73,1.05,-5.4955703444664135
89:980,47.61513073401522,-122.1773962899325,-12.73,0.96,-5.4955703444664135
89:981,47.61513073401522,-122.1773962899325,-12.73,0.61,-5.4955703444664135
89:982,47.61513073401522,-122.1773962899325,-12.73,0.61,-5.4955703444664135
89:983,47.61513073401522,-122.1773962899325,-12.73,0.88,-5.4955703444664135
89:984,47.61513073401522,-122.1773962899325,-12.73,0.7,-5.4955703444664135
89:985,47.61513073401522,-122.1773962899325,-12.73,0.17999999,-5.4955703444664135
89:986,47.61513073401522,-122.1773962899325,-12.73,0.88,-5.4955703444664135
89:987,47.61513073401522,-122.1773962899325,-12.73,1.05,-5.4955703444664135
89:988,47.61513073401522,-122.1773962899325,-12.73,0.96,-5.4955703444664135
89:989,47.61513073401522,-122.1773962899325,-12.73,1.06,-5.4955703444664135
89:990,47.61513073401522,-122.1773962899325,-12.73,1.06,-5.4955703444664135
89:991,47.61513073401522,-122.1773962899325,-12.73,1.3199999,-5.4955703444664135
89:992,47.61513073401522,-122.1773962899325,-12.73,1.41,-5.4955703444664135
89:993,47.61513073401522,-122.1773962899325,-12.73,1.5899999,-5.4955703444664135
89:994,47.61513073401522,-122.1773962899325,-12.73,0.97999996,-5.4955703444664135
89:995,47.61513073401522,-122.1773962899325,-12.73,1.0699999,-5.4955703444664135
89:996,47.61513073401522,-122.1773962899325,-12.73,1.0699999,-5.4955703444664135
89:997,47.61513073401522,-122.1773962899325,-12.73,0.97999996,-5.4955703444664135
89:998,47.61513073401522,-122.1773962899325,-12.73,1.0699999,-5.4955703444664135
89:999,47.61513073401522,-122.1773962899325,-12.73,1.16,-5.4955703444664135
89:1000,47.61513073401522,-122.1773962899325,-12.73,1.24,-5.4955703444664135
89:1001,47.61513073401522,-122.1773962899325,-12.73,1.24,-5.4955703444664135
89:1002,47.61513073401522,-122.1773962899325,-12.73,1.51,-5.4955703444664135
89:1003,47.61513073401522,-122.1773962899325,-12.73,1.3299999,-5.4955703444664135
89:1004,47.61513073401522,-122.1773962899325,-12.73,1.51,-5.4955703444664135
89:1005,47.61513073401522,-122.1773962899325,-12.73,1.77,-5.4955703444664135
89:1006,47.61513073401522,-122.1773962899325,-12.73,1.25,-5.4955703444664135
89:1007,47.61513073401522,-122.1773962899325,-12.73,1.17,-5.4955703444664135
89:1008,47.61513073401522,-122.1773962899325,-12.73,0.98999995,-5.4955703444664135
89:1009,47.61513073401522,-122.1773962899325,-12.73,1.0799999,-5.4955703444664135
89:1010,47.61513073401522,-122.1773962899325,-12.73,0.74,-5.4955703444664135
89:1011,47.61513073401522,-122.1773962899325,-12.73,0.90999997,-5.4955703444664135
89:1012,47.61513073401522,-122.1773962899325,-12.73,1,-5.4955703444664135
89:1013,47.61513073401522,-122.1773962899325,-12.73,0.91999996,-5.4955703444664135
89:1014,47.61513073401522,-122.1773962899325,-12.73,0.74,-5.4955703444664135
89:1015,47.61513073401522,-122.1773962899325,-12.73,0.75,-5.4955703444664135
89:1016,47.61513073401522,-122.1773962899325,-12.73,0.91999996,-5.4955703444664135
89:1017,47.61513073401522,-122.1773962899325,-12.73,1.01,-5.4955703444664135
89:1018,47.61513073401522,-122.1773962899325,-12.73,0.75,-5.4955703444664135
89:1019,47.61513073401522,-122.1773962899325,-12.73,1.1,-5.4955703444664135
89:1020,47.61513073401522,-122.1773962899325,-12.73,1.27,-5.4955703444664135
89:1021,47.61513073401522,-122.1773962899325,-12.73,1.27,-5.4955703444664135
89:1022,47.61513073401522,-122.1773962899325,-12.73,1.1,-5.4955703444664135
89:1023,47.61513073401522,-122.1773962899325,-12.73,0.93,-5.4955703444664135
89:1024,47.61513073401522,-122.1773962899325,-12.73,1.4599999,-5.4955703444664135
89:1025,47.61513073401522,-122.1773962899325,-12.73,1.28,-5.4955703444664135
89:1026,47.61513073401522,-122.1773962899325,-12.73,1.11,-5.4955703444664135
89:1027,47.61513073401522,-122.1773962899325,-12.73,1.02,-5.4955703444664135
89:1028,47.61513073401522,-122.1773962899325,-12.73,1.11,-5.4955703444664135
89:1029,47.61513073401522,-122.1773962899325,-12.73,0.93,-5.4955703444664135
89:1030,47.615131562737034,-122.17739680807307,-12.74,0.94,-5.492247499319207
89:1031,47.615131562737034,-122.17739680807307,-12.74,0.94,-5.492247499319207
89:1032,47.615131562737034,-122.17739680807307,-12.74,0.77,-5.492247499319207
89:1033,47.615131562737034,-122.17739680807307,-12.74,1.03,-5.492247499319207
89:1034,47.615131562737034,-122.17739680807307,-12.74,1.4599999,-5.492247499319207
89:1035,47.615131562737034,-122.17739680807307,-12.74,1.4699999,-5.492247499319207
89:1036,47.615131562737034,-122.17739680807307,-12.74,0.95,-5.492247499319207
89:1037,47.615131562737034,-122.17739680807307,-12.74,1.65,-5.492247499319207
89:1038,47.615131562737034,-122.17739680807307,-12.74,1.74,-5.492247499319207
89:1039,47.615131562737034,-122.17739680807307,-12.74,1.8299999,-5.492247499319207
89:1040,47.615131562737034,-122.17739680807307,-12.74,1.66,-5.492247499319207
89:1041,47.615131562737034,-122.17739680807307,-12.74,1.92,-5.492247499319207
89:1042,47.615131562737034,-122.17739680807307,-12.74,1.75,-5.492247499319207
89:1043,47.615131562737034,-122.17739680807307,-12.74,2.01,-5.492247499319207
89:1044,47.615131562737034,-122.17739680807307,-12.74,1.49,-5.492247499319207
89:1045,47.615131562737034,-122.17739680807307,-12.74,1.49,-5.492247499319207
89:1046,47.615131562737034,-122.17739680807307,-12.74,1.31,-5.492247499319207
89:1047,47.615131562737034,-122.17739680807307,-12.74,1.31,-5.492247499319207
89:1048,47.615131562737034,-122.17739680807307,-12.74,1.31,-5.492247499319207
89:1049,47.615131562737034,-122.17739680807307,-12.74,1.66,-5.492247499319207
89:1050,47.615131562737034,-122.17739680807307,-12.74,1.41,-5.492247499319207
89:1051,47.615131562737034,-122.17739680807307,-12.74,1.3199999,-5.492247499319207
89:1052,47.615131562737034,-122.17739680807307,-12.74,1.3199999,-5.492247499319207
89:1053,47.615131562737034,-122.17739680807307,-12.74,1.42,-5.492247499319207
89:1054,47.615131562737034,-122.17739680807307,-12.74,1.3299999,-5.492247499319207
89:1055,47.615131562737034,-122.17739680807307,-12.74,1.3299999,-5.492247499319207
89:1056,47.615131562737034,-122.17739680807307,-12.74,1.0699999,-5.492247499319207
89:1057,47.615131562737034,-122.17739680807307,-12.74,0.97999996,-5.492247499319207
89:1058,47.615131562737034,-122.17739680807307,-12.74,1.0699999,-5.492247499319207
89:1059,47.615131562737034,-122.17739680807307,-12.74,0.9,-5.492247499319207
89:1060,47.615131562737034,-122.17739680807307,-12.74,1.16,-5.492247499319207
89:1061,47.615131562737034,-122.17739680807307,-12.74,1.16,-5.492247499319207
89:1062,47.615131562737034,-122.17739680807307,-12.74,1.0799999,-5.492247499319207
89:1063,47.615131562737034,-122.17739680807307,-12.74,1.0799999,-5.492247499319207
89:1064,47.615131562737034,-122.17739680807307,-12.74,1.0799999,-5.492247499319207
89:1065,47.615131562737034,-122.17739680807307,-12.74,0.82,-5.492247499319207
89:1066,47.615131562737034,-122.17739680807307,-12.74,0.82,-5.492247499319207
89:1067,47.615131562737034,-122.17739680807307,-12.74,0.82,-5.492247499319207
89:1068,47.615131562737034,-122.17739680807307,-12.74,0.90999997,-5.492247499319207
89:1069,47.615131562737034,-122.17739680807307,-12.74,0.83,-5.492247499319207
89:1070,47.615131562737034,-122.17739680807307,-12.74,0.83,-5.492247499319207