89:0,47.61522666894797,-122.17756687189758,0,-1.31,0
89:1,47.61522666894797,-122.17756687189758,0,-1.55,0
89:2,47.61522666894797,-122.17756687189758,0,-1.8,0
89:3,47.61522666894797,-122.17756687189758,0,-1.6899999,0
89:4,47.61522666894797,-122.17756687189758,0,-0.89,0
89:5,47.61522666894797,-122.17756687189758,0,-1.04,0
89:6,47.61522666894797,-122.17756687189758,0,-1.11,0
89:7,47.61522666894797,-122.17755886733347,-0.03,-1.1,-0.016676925300405578
89:8,47.61522666894797,-122.17755886733347,-0.03,-1,-0.016676925300405578
89:9,47.61522666894797,-122.17755886733347,-0.03,-1.41,-0.016676925300405578
89:10,47.61523206487358,-122.17754686048812,-0.17999999,-0.96999997,-0.15335384419331183
89:11,47.61523206487358,-122.17754686048812,-0.17999999,-0.52,-0.15335384419331183
89:12,47.61522666894797,-122.17755753323999,-0.099999994,-0.66999996,-0.060030771952409
89:13,47.61522666894797,-122.17755753323999,-0.099999994,-0.74,-0.060030771952409
89:14,47.615228467589795,-122.17755486505143,-0.14999999,-1.0799999,-0.09670769494313458
89:15,47.61523566215696,-122.1775401900183,-0.14999999,-0.9,-0.09670769494313458
89:16,47.615244655365956,-122.17753485364118,-0.17999999,-0.78999996,-0.1133846221061853
89:17,47.615244655365956,-122.17753485364118,-0.17999999,-0.26,-0.1133846221061853
89:18,47.61525274925491,-122.17754152411258,-0.24,-0.14999999,-0.16006155046132892
89:19,47.61525274925491,-122.17754152411258,-0.24,0.11,-0.16006155046132892
89:20,47.61525095061268,-122.1775401900183,-0.24,-0.39999998,-0.16006155046132892
89:21,47.61525095061268,-122.1775401900183,-0.24,-0.39,-0.16006155046132892
89:22,47.61525095061268,-122.1775401900183,-0.24,-1.0699999,-0.16006155046132892
89:23,47.61524825265041,-122.1775401900183,-0.24,-1.23,-0.16006155046132892
89:24,47.61524825265041,-122.1775401900183,-0.24,-0.7,-0.16006155046132892
89:25,47.61524825265041,-122.1775401900183,-0.24,-0.69,-0.16006155046132892
89:26,47.61524825265041,-122.1775401900183,-0.24,-1.11,-0.16006155046132892
89:27,47.61525364857495,-122.17755619914651,-0.16,-1.54,-0.06673847822042608
89:28,47.61525364857495,-122.17755619914651,-0.16,-0.83,-0.06673847822042608
89:29,47.61525364857495,-122.17755619914651,-0.16,-1.0799999,-0.06673847822042608
89:30,47.61525364857495,-122.17755619914651,-0.16,-0.81,-0.06673847822042608
89:31,47.61525364857495,-122.17755619914651,-0.16,-0.45,-0.06673847822042608
89:32,47.61525364857495,-122.17755619914651,-0.16,-0.96,-0.06673847822042608
89:33,47.61525364857495,-122.17755619914651,-0.16,-1.04,-0.06673847822042608
89:34,47.61525364857495,-122.17755619914651,-0.16,-0.94,-0.06673847822042608
89:35,47.61525364857495,-122.17755619914651,-0.16,-1.01,-0.06673847822042608
89:36,47.615257245859404,-122.17755886733427,-0.16,-1.18,-0.06673847822042608
89:37,47.61526713838844,-122.17756153552244,-0.16,-0.56,-0.06673847822042608
89:38,47.61527882956185,-122.17755619914651,-0.17,-0.9,-0.06341540955580194
89:39,47.61528962141093,-122.17755086276938,-0.21,-0.9,-0.0900923271821095
89:40,47.61528962141093,-122.17755086276938,-0.21,-1.15,-0.0900923271821095
89:41,47.615298614619924,-122.1775401900183,-0.22999999,-1.22,-0.09676924898074218
89:42,47.61530760782892,-122.17752951726723,-0.21,-1.65,-0.06344617912402514
89:43,47.615318399677996,-122.17752017860884,-0.25,-1.73,-0.09012311165149389
89:44,47.61532469493115,-122.17751083994727,-0.64,-1.9,-0.466800023317337
89:45,47.61532469493115,-122.17751083994727,-0.64,-2.07,-0.466800023317337
89:46,47.6153300908514,-122.17750817176189,-1.0699999,-2.05,-0.8834768968362074
89:47,47.6153300908514,-122.17750817176189,-1.0699999,-2.22,-0.8834768968362074
89:48,47.615338184744644,-122.17750416947746,-1.35,-1.78,-1.1501539134062253
89:49,47.61534807726939,-122.17750016719938,-1.38,-1.86,-1.1668308107669536
89:50,47.61534807726939,-122.17750016719938,-1.38,-1.8499999,-1.1668308107669536
89:51,47.615357969802716,-122.17749349672955,-1.4,-2.02,-1.173507717664425
89:52,47.61536696301171,-122.17748682625974,-1.37,-2.18,-1.1301846722456124
89:53,47.61536696301171,-122.17748682625974,-1.37,-1.8299999,-1.1301846722456124
89:54,47.6153759562207,-122.17748015578992,-1.3199999,-1.74,-1.0668615266909964
89:55,47.61538405010536,-122.1774721512274,-1.3,-1.56,-1.0335384717354406
89:56,47.61538405010536,-122.1774721512274,-1.3,-1.64,-1.0335384717354406
89:57,47.615393043314356,-122.17746548075759,-1.2099999,-1.8,-0.9302153643277973
89:58,47.61540023789185,-122.17745747619507,-1.24,-1.62,-0.9468923808978151
89:59,47.61540023789185,-122.17745747619507,-1.24,-1.9699999,-0.9468923808978151
89:60,47.61540743245218,-122.17744680344082,-1.16,-1.78,-0.8535692639534287
89:61,47.61540743245218,-122.17744680344082,-1.16,-1.86,-0.8535692639534287
89:62,47.61540743245218,-122.17744680344082,-1.16,-1.86,-0.8535692639534287
89:63,47.61540743245218,-122.17744680344082,-1.16,-1.9399999,-0.8535692639534287
89:64,47.61540743245218,-122.17744680344082,-1.16,-2.11,-0.8535692639534287
89:65,47.61540833177651,-122.177440132971,-1.16,-1.14,-0.8535692639534287
89:66,47.61540743245218,-122.17742412384598,-1.15,-1.31,-0.8302461994611297
89:67,47.61540743245218,-122.17742412384598,-1.15,-1.31,-0.8302461994611297
89:68,47.615404734496344,-122.17740811470823,-1.15,-1.38,-0.8302461994611297
89:69,47.61540023789185,-122.17739210558321,-1.17,-0.85999995,-0.8369231063586011
89:70,47.61539574128735,-122.17737743055723,-1.18,-0.84999996,-0.8336000227928158
89:71,47.61539214399003,-122.17736142141949,-1.17,-0.84999996,-0.8102769583005167
89:72,47.61539214399003,-122.17736142141949,-1.17,-0.84,-0.8102769583005167
89:73,47.61538854670986,-122.17734541229446,-1.1999999,-0.93,-0.826953855661245
89:74,47.615384949429696,-122.17733073725577,-1.1899999,-1.01,-0.803630791168946
89:75,47.6153804528252,-122.17731606221707,-1.1999999,-1.35,-0.8003077076031606
89:76,47.6153804528252,-122.17731606221707,-1.1999999,-1.35,-0.8003077076031606
89:77,47.61537505689637,-122.17730272127744,-1.22,-1,-0.8069847337099216
89:78,47.61537056029187,-122.1772893803378,-1.1999999,-1.51,-0.7736615595450762
89:79,47.61537056029187,-122.1772893803378,-1.1999999,-1.51,-0.7736615595450762
89:80,47.615366063687375,-122.17727470532455,-1.23,-1.3299999,-0.7903385761150941
89:81,47.61536156708288,-122.17726003028585,-1.23,-1.3199999,-0.7903385761150941
89:82,47.61535617116263,-122.17724668934622,-1.2099999,-1.14,-0.7570154019502486
89:83,47.61535617116263,-122.17724668934622,-1.2099999,-1.23,-0.7570154019502486
89:84,47.615351674558134,-122.17723201430752,-1.25,-1.49,-0.7836924089835233
89:85,47.6153462786293,-122.17721733926882,-1.26,-1.48,-0.780369325417738
89:86,47.61534178202481,-122.17720133015652,-1.26,-0.95,-0.780369325417738
89:87,47.61533728542031,-122.17718665511784,-1.28,-1.73,-0.7870462323152094
89:88,47.61533728542031,-122.17718665511784,-1.28,-1.3,-0.7870462323152094
89:89,47.61532649357123,-122.17718265282068,-1.23,-1.4599999,-0.723723205969883
89:90,47.615314802397826,-122.17718665511784,-1.3,-1.4599999,-0.7804000651836387
89:91,47.61530311122442,-122.1771919914886,-1.4699999,-1.63,-0.9370769482392522
89:92,47.61529231937534,-122.17719999605747,-1.65,-1.54,-1.1037539409674122
89:93,47.61529231937534,-122.17719999605747,-1.65,-1.62,-1.1037539409674122
89:94,47.61528062820193,-122.17720800062635,-1.8199999,-1.79,-1.2604308240230258
89:95,47.61528062820193,-122.17720800062635,-1.8199999,-2.31,-1.2604308240230258
89:96,47.61526983635286,-122.17721600516977,-2.11,-1.78,-1.537107711847011
89:97,47.61525994382168,-122.17722000746693,-1.9799999,-1.87,-1.3937846425863403
89:98,47.61525994382168,-122.17722000746693,-1.9799999,-1.61,-1.3937846425863403
89:99,47.61525274925491,-122.17722400973865,-1.88,-1.61,-1.2804616639247297
89:100,47.61525274925491,-122.17722400973865,-1.88,-1.51,-1.2804616639247297
89:101,47.61524735332823,-122.17722801203581,-1.54,-1.42,-0.9271385565170864
89:102,47.615241058082574,-122.17723068020847,-1.43,-0.9,-0.8038154681829295
89:103,47.615241058082574,-122.17723068020847,-1.43,-0.97999996,-0.8038154681829295
89:104,47.61523386351527,-122.17723334840657,-0.96,-0.62,-0.3204924251483026
89:105,47.61522307166405,-122.17723735067828,-0.94,-0.71,-0.2871693701927468
89:106,47.61522307166405,-122.17723735067828,-0.94,-0.88,-0.2871693701927468
89:107,47.61521227981229,-122.17724135297544,-0.94,-0.96,-0.2871693701927468
89:108,47.61520058864103,-122.17724402114811,-0.94,-0.87,-0.2871693701927468
89:109,47.61520058864103,-122.17724402114811,-0.94,-0.7,-0.2871693701927468
89:110,47.61518889746762,-122.17724535524717,-1.01,-0.87,-0.3438462890111473
89:111,47.61517630697846,-122.17724668934622,-1.02,-0.87,-0.34052320544536197
89:112,47.61517630697846,-122.17724668934622,-1.02,-0.77,-0.34052320544536197
89:113,47.61516551512509,-122.17725335981604,-1.09,-0.95,-0.3972001838684072
89:114,47.61516551512509,-122.17725335981604,-1.09,-1.03,-0.3972001838684072
89:115,47.61515382395169,-122.17725602798869,-1.14,-1.03,-0.43387706215564925
89:116,47.61514213277828,-122.17726403255757,-1.16,-1.1999999,-0.4405539690531208
89:117,47.61514213277828,-122.17726403255757,-1.16,-1.02,-0.4405539690531208
89:118,47.61513313956929,-122.17727470532455,-1.11,-0.93,-0.37723094270779445
89:119,47.61512414636029,-122.17728404396703,-1,-1.54,-0.25390785437363755
89:120,47.615116951799955,-122.17729605080761,-0.95,-1.02,-0.19058476842366642
89:121,47.615116951799955,-122.17729605080761,-0.95,-0.84,-0.19058476842366642
89:122,47.615109757231046,-122.17730805767366,-0.9,-0.84,-0.1272616824736953
89:123,47.6151016633378,-122.17732006451423,-0.81,-0.31,-0.023938634670696825
89:124,47.6151016633378,-122.17732006451423,-0.81,-0.48999998,-0.023938634670696825
89:125,47.61509716673331,-122.17732673498405,-0.53,-0.39999998,0.2693844703527606
89:126,47.615093569453144,-122.17733207135483,-0.19,0.049999997,0.6227075181557591
89:127,47.615093569453144,-122.17733207135483,-0.19,0.74,0.6227075181557591
89:128,47.615090871488725,-122.17733874182464,0.089999996,0.74,0.9160305859263136
89:129,47.61508637488423,-122.17734541229446,0.38,0.91999996,1.2193536590612861
89:130,47.61508637488423,-122.17734541229446,0.38,1.01,1.2193536590612861
89:131,47.615082777604066,-122.17735074866523,0.65,1.1,1.502676714016842
89:132,47.615079180323896,-122.17736275551854,0.77,0.93,1.6359997928142558
89:133,47.615079180323896,-122.17736275551854,0.77,0.84,1.6359997928142558
89:134,47.61508367691982,-122.17737876464356,0.78,0.93,1.6593228573065548
89:135,47.61508817352431,-122.17739610786764,0.72999996,1.02,1.622645919414668
89:136,47.61509267012881,-122.17741345109172,0.69,1.11,1.595969031590683
89:137,47.61509267012881,-122.17741345109172,0.69,1.11,1.595969031590683
89:138,47.615096267417556,-122.1774307943158,0.65999997,0.77,1.5792920746253098
89:139,47.61510076402205,-122.17744813752715,0.58,0.16,1.5126151653436526
89:140,47.61510526062655,-122.17746414665854,0.53,0.07,1.4759382274517658
89:141,47.61510526062655,-122.17746414665854,0.53,0.32999998,1.4759382274517658
89:142,47.615109757231046,-122.17748148988261,0.48999998,-0.02,1.4492613098254583
89:143,47.615115153151294,-122.17749883310668,0.39999998,0.95,1.3725843802782218
89:144,47.615120549080125,-122.17751484223172,0.35999998,0.77,1.3459074626519143
89:145,47.61512504568462,-122.17753085135992,0.35,0.59999996,1.3492305462176997
89:146,47.61512504568462,-122.17753085135992,0.35,0.59999996,1.3492305462176997
89:147,47.615130441613445,-122.17754686048812,0.26,0.42999998,1.2725536166704632
89:148,47.6151358375337,-122.17756153552205,0.21,0.34,1.2358766936797376
89:149,47.6151403341382,-122.17757887874453,0.17,0.42999998,1.20919977605343
89:150,47.6151403341382,-122.17757887874453,0.17,0.42999998,1.20919977605343
89:151,47.61514213277828,-122.17759622196543,0.099999994,0.08,1.1525228423338685
89:152,47.61514573006702,-122.17761489928219,0.049999997,0.08,1.115845919343143
89:153,47.61514842803144,-122.1776322425031,-0.049999997,0.42999998,1.0291689993326496
89:154,47.61514842803144,-122.1776322425031,-0.049999997,0.61,1.0291689993326496
89:155,47.6151520253116,-122.17765091981985,-0.12,0.35,0.9724920730636686
89:156,47.615155622596056,-122.17766826303757,-0.21,0.26,0.8958151509670127
89:157,47.61515921988051,-122.17768560626801,-0.29999998,0.61,0.8191382363209374
89:158,47.61515921988051,-122.17768560626801,-0.29999998,0.7,0.8191382363209374
89:159,47.61516461580505,-122.17770294947937,-0.35999998,0.96,0.7724613079657938
89:160,47.615168213089504,-122.1777216268025,-0.39999998,0.61,0.7457843903394863
89:161,47.61517091104963,-122.1777403041129,-0.48999998,0.44,0.6691074607922498
89:162,47.61517091104963,-122.1777403041129,-0.48999998,0.26,0.6691074607922498
89:163,47.615174508334086,-122.17775764733699,-0.53999996,0.44,0.6324305527026854
89:164,47.61517810561854,-122.1777763246474,-0.59999996,0.44,0.5857536243475419
89:165,47.615179904258625,-122.17779500197052,-0.59999996,0.53,0.5857536243475419
89:166,47.615179904258625,-122.17779500197052,-0.59999996,0.88,0.5857536243475419
89:167,47.61517630697846,-122.17781101110826,-0.45999998,0.96999997,0.7390766840714693
89:168,47.615171810373965,-122.17782702022056,-0.32999998,1.14,0.8823997533321399
89:169,47.61516731376947,-122.17784302935831,-0.25,0.62,0.9757228106718816
89:170,47.61516731376947,-122.17784302935831,-0.25,0.45,0.9757228106718816
89:171,47.615161018520595,-122.17785637029796,-0.17999999,0.01,1.0590458924495276
89:172,47.615154723276014,-122.17787104533664,-0.08,0.79999995,1.1723689605181054
89:173,47.61514573006702,-122.17788171807818,-0.02,1.06,1.245692033206043
89:174,47.615137636173785,-122.17789372491877,0.11,1.49,1.389015106192004
89:175,47.615137636173785,-122.17789372491877,0.11,1.76,1.389015106192004
89:176,47.61512774364903,-122.17790439768575,0.19999999,1.15,1.4923381688961637
89:177,47.61511875044004,-122.17791240222918,0.26999998,1.5,1.5756612357726485
89:178,47.61511875044004,-122.17791240222918,0.26999998,1.15,1.5756612357726485
89:179,47.61510885790672,-122.17792040679805,0.38,1.06,1.6989843241068054
89:180,47.61509806605764,-122.17792440909521,0.42999998,1.3199999,1.7623073802544542
89:181,47.61509806605764,-122.17792440909521,0.42999998,1.67,1.7623073802544542
89:182,47.61508727420856,-122.17792974546597,0.52,1.5,1.865630457859775
89:183,47.61507648235091,-122.17793241363864,0.58,1.41,1.938953534273003
89:184,47.615065690510406,-122.17794041820751,0.63,1.5,2.002276620222974
89:185,47.61505579797708,-122.17794842277638,0.72999996,1.5,2.1155996584892294
89:186,47.61505579797708,-122.17794842277638,0.72999996,1.76,2.1155996584892294
89:187,47.61504590544376,-122.17795642734526,0.84,1.76,2.2389227468233863
89:188,47.61504590544376,-122.17795642734526,0.84,1.8399999,2.2389227468233863
89:189,47.61503601291043,-122.17796309781508,0.91999996,2.02,2.332245804163128
89:190,47.615025221069935,-122.1779697682849,1.04,1.8399999,2.4655688829605418
89:191,47.61501442921228,-122.17797643875471,1.1,1.93,2.5388920189784145
89:192,47.61501442921228,-122.17797643875471,1.1,1.93,2.5388920189784145
89:193,47.61500453667895,-122.1779844433236,1.18,1.8399999,2.6322150167135114
89:194,47.61499374483845,-122.17798977969436,1.27,1.67,2.7355381241211547
89:195,47.61499374483845,-122.17798977969436,1.27,2.02,2.7355381241211547
89:196,47.614982952980796,-122.17799645016417,1.29,2.28,2.7688611790767106
89:197,47.6149739597718,-122.1780044547076,1.37,2.19,2.862184296021097
89:198,47.61496406723848,-122.17801245930193,1.4399999,2.71,2.945507303292937
89:199,47.61496406723848,-122.17801245930193,1.4399999,2.8,2.945507303292937
89:200,47.614954174705154,-122.17802046384536,1.48,2.8899999,2.998830458384296
89:201,47.614944282188986,-122.17802846843968,1.55,2.8899999,3.0821534656561362
89:202,47.614944282188986,-122.17802846843968,1.55,2.71,3.0821534656561362
89:203,47.61493349031418,-122.1780351389095,1.56,2.8899999,3.1054765301484353
89:204,47.61492269849083,-122.17804447752653,1.64,2.8899999,3.1987996470928217
89:205,47.614911906633175,-122.17805114799634,1.6999999,2.8,3.272122663901405
89:206,47.614911906633175,-122.17805114799634,1.6999999,3.06,3.272122663901405
89:207,47.614900215468346,-122.17805915259066,1.76,3.06,3.3454457999192777
89:208,47.61488852426921,-122.17806448893599,1.8399999,2.8899999,3.4387687976543746
89:209,47.61488852426921,-122.17806448893599,1.8399999,2.98,3.4387687976543746
89:210,47.614876833104375,-122.1780698253322,1.91,3.06,3.522091924135504
89:211,47.61486604124672,-122.17807649580202,1.9799999,3.1499999,3.6054149314073443
89:212,47.61485435008189,-122.17808183219823,2.09,3.24,3.728738019741501
89:213,47.61485435008189,-122.17808183219823,2.09,3.6699998,3.728738019741501
89:214,47.61484265891706,-122.17808716854356,2.1599998,3.85,3.8120610270133413
89:215,47.61483006841075,-122.17809250493977,2.26,3.24,3.925384244093531
89:216,47.61483006841075,-122.17809250493977,2.26,3.9299998,3.925384244093531
89:217,47.614817477938736,-122.17809117081526,2.4299998,4.63,4.108707155997939
89:218,47.61480488743243,-122.17809117081526,2.52,4.02,4.212030382614872
89:219,47.61480488743243,-122.17809117081526,2.52,4.2799997,4.212030382614872
89:220,47.61479319626759,-122.17808716854356,2.61,4.2799997,4.3153533708132255
89:221,47.61478150510276,-122.17808183219823,2.69,4.02,4.4086766069669014
89:222,47.61477071324511,-122.17807249353031,2.8,3.6699998,4.531999576091769
89:223,47.61477071324511,-122.17807249353031,2.8,3.9299998,4.531999576091769
89:224,47.614761720036114,-122.17806048666428,2.9199998,3.58,4.665322535679893
89:225,47.61475452547578,-122.17804447752653,2.9399998,4.89,4.698645590635449
89:226,47.61475452547578,-122.17804447752653,2.9399998,4.71,4.698645590635449
89:227,47.6147491295298,-122.17802846843968,3.03,5.15,4.801968817252382
89:228,47.61474283431095,-122.17801245930193,3.1399999,5.15,4.925291786377249
89:229,47.61474283431095,-122.17801245930193,3.1399999,5.24,4.925291786377249
89:230,47.61473743836497,-122.17799645016417,3.1899998,4.97,4.988614812722576
89:231,47.6147320424533,-122.17798177512549,3.33,4.97,5.141937991655793
89:232,47.6147275458488,-122.17796576598774,3.4299998,4.71,5.255260970317403
89:233,47.6147275458488,-122.17796576598774,3.4299998,4.7999997,5.255260970317403
89:234,47.61472214990282,-122.17794975687544,3.56,4.97,5.398584158787363
89:235,47.614715854683965,-122.1779337477377,3.7099998,5.06,5.561907089765258
89:236,47.614715854683965,-122.1779337477377,3.7099998,5.58,5.561907089765258
89:237,47.61471135807947,-122.1779177386254,3.78,5.3199997,5.645230335455677
89:238,47.61470506282631,-122.17790172948764,3.9299998,5.8399997,5.808553266433572
89:239,47.61470506282631,-122.17790172948764,3.9299998,6.3599997,5.808553266433572
89:240,47.614699666880334,-122.17788572034989,4.0699997,6.3599997,5.96187620694821
89:241,47.61469337166148,-122.17787104533664,4.2,6.27,6.10519939541817
89:242,47.61469337166148,-122.17787104533664,4.2,6.19,6.10519939541817
89:243,47.61469337166148,-122.17787104533664,4.2,6.0099998,6.10519939541817
89:244,47.614678982506504,-122.17784036116021,4.46,6.3599997,6.378522698329048
89:245,47.614678982506504,-122.17784036116021,4.46,6.1,6.378522698329048
89:246,47.614678982506504,-122.17784036116021,4.46,6.19,6.378522698329048
89:247,47.614670888639,-122.17780700881111,4.79,6.0099998,6.721845696064145
89:248,47.614670888639,-122.17780700881111,4.79,5.83,6.721845696064145
89:249,47.61466819064886,-122.17778833150071,4.9,6.18,6.845168903607592
89:250,47.614665492693014,-122.17778032693182,4.97,6.18,6.9284916724608525
89:251,47.614665492693014,-122.17778032693182,4.97,6.18,6.9284916724608525
89:252,47.614665492693014,-122.17778032693182,4.97,5.92,6.9284916724608525
89:253,47.614665492693014,-122.17778032693182,4.97,6.0099998,6.9284916724608525
89:254,47.614665492693014,-122.17778032693182,4.97,6.5299997,6.9284916724608525
89:255,47.61466998929751,-122.1777643178068,4.98,6.52,6.951814975371731
89:256,47.61466998929751,-122.1777643178068,4.98,6.35,6.951814975371731
89:257,47.614680781155165,-122.17775364505255,4.95,6.5299997,6.935137839592423
89:258,47.61469067367134,-122.17774297229829,4.94,6.44,6.938461161576788
89:259,47.614699666880334,-122.17773229955675,4.89,6.44,6.901784044870967
89:260,47.614699666880334,-122.17773229955675,4.89,6.87,6.901784044870967
89:261,47.61470866008933,-122.1777216268025,4.77,6.35,6.795107233340927
89:262,47.614714955342485,-122.17771895861712,4.89,6.0899997,6.928430192929051
89:263,47.614714955342485,-122.17771895861712,4.89,6.6099997,6.928430192929051
89:264,47.61472484789296,-122.17772562908694,4.88,6.7,6.9317535149134155
89:265,47.614729344497455,-122.17774163821196,4.8599997,6.7,6.925076131178786
89:266,47.614729344497455,-122.17774163821196,4.8599997,6.44,6.925076131178786
89:267,47.61473384110195,-122.17775764733699,4.7999997,6.7,6.878399262428287
89:268,47.614740136320805,-122.17776698599219,4.79,6.6099997,6.8817225844126515
89:269,47.614740136320805,-122.17776698599219,4.79,6.6099997,6.8817225844126515
89:270,47.614750028871285,-122.17776298370775,4.75,6.87,6.855045696588666
89:271,47.61475812273879,-122.1777549791516,4.73,6.17,6.848368789691195
89:272,47.61475812273879,-122.1777549791516,4.73,6.52,6.848368789691195
89:273,47.614755424782956,-122.1777403041129,4.7999997,6.69,6.931691558544456
89:274,47.6147491295298,-122.17772696317327,4.7599998,7.04,6.905014670720471
89:275,47.61474373361813,-122.17771228814729,4.75,7.04,6.908337992704835
89:276,47.61474373361813,-122.17771228814729,4.75,7.2999997,6.908337992704835
89:277,47.614740136320805,-122.17769494492322,4.72,7.04,6.891660856925528
89:278,47.614748230222624,-122.1776829380699,4.73,7.56,6.914984159836406
89:279,47.61475992138745,-122.17767626760009,4.72,7.56,6.918307004983612
89:280,47.61475992138745,-122.17767626760009,4.72,7.0299997,6.918307004983612
89:281,47.61477161255228,-122.17766959713663,4.68,6.95,6.891630117159627
89:282,47.61478240440994,-122.17766292666681,4.62,6.8599997,6.844953248409128
89:283,47.61479409557477,-122.17765625619698,4.64,6.77,6.878276303364684
89:284,47.61479409557477,-122.17765625619698,4.64,6.8599997,6.878276303364684
89:285,47.61480668608108,-122.17765091981985,4.62,6.95,6.871599396467213
89:286,47.614817477938736,-122.17764558344274,4.63,7.21,6.894922699378091
89:287,47.614817477938736,-122.17764558344274,4.63,6.6,6.894922699378091
89:288,47.61482916910357,-122.17763757888022,4.61,6.8599997,6.888245792480619
89:289,47.614834565015244,-122.1776309084104,4.5499997,6.69,6.841568446892962
89:290,47.614834565015244,-122.1776309084104,4.5499997,6.8599997,6.841568446892962
89:291,47.61482826979639,-122.1776309084104,4.5699997,6.68,6.874891501848518
89:292,47.61482826979639,-122.1776309084104,4.5699997,6.42,6.874891501848518
89:293,47.614817477938736,-122.17763891297291,4.54,6.68,6.858214842906369
89:294,47.61480578677391,-122.17764558344274,4.49,6.3199997,6.821537726200548
89:295,47.61479319626759,-122.17765225391256,4.47,6.33,6.814860819303076
89:296,47.61478240440994,-122.17766159256776,4.42,6.06,6.7781841794344135
89:297,47.61477161255228,-122.17767093122931,4.4,6.15,6.771507272536942
89:298,47.61477161255228,-122.17767093122931,4.4,6.67,6.771507272536942
89:299,47.61475902208028,-122.17767760169914,4.4,6.3199997,6.771507272536942
89:300,47.61474643157396,-122.17768160398357,4.36,6.5,6.744830384712957
89:301,47.61473474040913,-122.17768694035435,4.24,7.2799997,6.638153096345759
89:302,47.61473474040913,-122.17768694035435,4.24,7.2799997,6.638153096345759
89:303,47.61472214990282,-122.17768694035435,4.23,7.54,6.641476418330123
89:304,47.61471135807947,-122.17767760169914,4.21,7.54,6.634799511432652
89:305,47.61470416348483,-122.17766292666681,4.21,7.72,6.634799511432652
89:306,47.61470416348483,-122.17766292666681,4.21,7.89,6.634799511432652
89:307,47.61470056622181,-122.17764691753543,4.2,7.72,6.638122356579858
89:308,47.61469606961732,-122.1776309084104,4.16,7.45,6.611445468755873
89:309,47.61469067367134,-122.17761489928219,4.16,7.45,6.611445468755873
89:310,47.61468527775966,-122.17760022424669,4.17,7.27,6.634768771666751
89:311,47.61468527775966,-122.17760022424669,4.17,7.3599997,6.634768771666751
89:312,47.614678982506504,-122.17758421512006,4.15,7.3599997,6.62809186476928
89:313,47.61467448590201,-122.17756687189758,4.15,7.3599997,6.62809186476928
89:314,47.61466819064886,-122.17755219686366,4.15,7.45,6.62809186476928
89:315,47.61466819064886,-122.17755219686366,4.15,7.71,6.62809186476928
89:316,47.614661895430004,-122.17753752182973,4.13,7.8799996,6.621414957871808
89:317,47.61465649948402,-122.17752151270153,4.15,7.44,6.654738012827364
89:318,47.61465110357235,-122.17750550357651,4.24,7.27,6.758060762607139
89:319,47.61465110357235,-122.17750550357651,4.24,7,6.758060762607139
89:320,47.61464570766068,-122.17748949444513,4.19,7.0099998,6.721384122738476
89:321,47.61464121105618,-122.17747081712835,4.06,7.44,6.6047070823266
89:322,47.61463491576871,-122.17745480799697,3.98,7.3599997,6.538030232649588
89:323,47.61463491576871,-122.17745480799697,3.98,7.7,6.538030232649588
89:324,47.614631318471396,-122.17743746478561,3.9099998,7.44,6.481353135017253
89:325,47.61464031168039,-122.17742412384598,3.8999999,7.79,6.484676218583038
89:326,47.61465290222101,-122.17741745337615,3.83,7.44,6.427999359369283
89:327,47.61465290222101,-122.17741745337615,3.83,7.44,6.427999359369283
89:328,47.61466369404436,-122.17740944880728,3.81,7.35,6.421322452471811
89:329,47.614675385243494,-122.17740011015208,3.84,7.52,6.464645497890624
89:330,47.614686177066844,-122.17739077149687,3.75,7.44,6.3879686577503545
89:331,47.6146969689245,-122.177382766928,3.6999998,7,6.351291541044533
89:332,47.6146969689245,-122.177382766928,3.6999998,7,6.351291541044533
89:333,47.61470866008933,-122.17737476235912,3.6599998,7.2599998,6.324614653220548
89:334,47.61471855263981,-122.17736542370392,3.6,7.08,6.2779377844700495
89:335,47.61471855263981,-122.17736542370392,3.6,7.3399997,6.2779377844700495
89:336,47.614729344497455,-122.1773587532341,3.61,7.52,6.3012608489623485
89:337,47.61473923701363,-122.17735074866523,3.57,7.43,6.274583961138363
89:338,47.614751827519946,-122.17734541229446,3.53,7.52,6.247907073314378
89:339,47.614751827519946,-122.17734541229446,3.53,7.52,6.247907073314378
89:340,47.614763518684775,-122.17733874182464,3.54,7.17,6.271230137806677
89:341,47.614775209849604,-122.17733473955293,3.49,7.7799997,6.234553259519435
89:342,47.61478690101443,-122.17732940315672,3.5,7.95,6.257876324011734
89:343,47.61478690101443,-122.17732940315672,3.5,7.69,6.257876324011734
89:344,47.61479769287209,-122.17732406678596,3.5,7.68,6.257876324011734
89:345,47.61479769287209,-122.17732406678596,3.5,7.77,6.257876324011734
89:346,47.61480488743243,-122.17731873041518,3.4299998,7.68,6.2011992263794
89:347,47.614802189476585,-122.17733340545388,3.4099998,7.68,6.194522319481928
89:348,47.614802189476585,-122.17733340545388,3.4099998,7.68,6.194522319481928
89:349,47.614789598970276,-122.17733340545388,3.37,7.16,6.167845431657943
89:350,47.614789598970276,-122.17733340545388,3.37,7.41,6.167845431657943
89:351,47.614767115947785,-122.17733874182464,3.5,7.41,6.311168620127903
89:352,47.614767115947785,-122.17733874182464,3.5,7.24,6.311168620127903
89:353,47.614755424782956,-122.1773440781954,3.4499998,7.5,6.274491503422082
89:354,47.6147446329253,-122.17734941456618,3.4299998,7.5,6.267814596524611
89:355,47.61473384110195,-122.17735741914777,3.4099998,7.68,6.261137689627139
89:356,47.61473384110195,-122.17735741914777,3.4099998,7.41,6.261137689627139
89:357,47.61472214990282,-122.1773640896176,3.3799999,7.24,6.244460792266411
89:358,47.61472214990282,-122.1773640896176,3.3799999,7.33,6.244460792266411
89:359,47.614702364870475,-122.17737876464356,3.47,7.24,6.347784018883344
89:360,47.61469247232,-122.17738676921243,3.4299998,7.1499996,6.321106892640779
89:361,47.61469247232,-122.17738676921243,3.4299998,6.97,6.321106892640779
89:362,47.61468168046235,-122.17739343968226,3.46,6.97,6.364430176478171
89:363,47.614669089990336,-122.17740011015208,3.4299998,6.44,6.347753040698864
89:364,47.61465739882551,-122.1774067806219,3.3799999,6.79,6.311076162411622
89:365,47.61465739882551,-122.1774067806219,3.3799999,6.8799996,6.311076162411622
89:366,47.61464750627503,-122.17741345109172,3.3899999,7.31,6.334399226903921
89:367,47.61463671445168,-122.17742278974693,3.37,7.31,6.327722320006449
89:368,47.61462592255972,-122.17742812611769,3.36,7.49,6.331045403572235
89:369,47.61462592255972,-122.17742812611769,3.36,7.66,6.331045403572235
89:370,47.614617828657906,-122.1774161192771,3.3799999,7.49,6.364368458527791
89:371,47.61461243274623,-122.17740011015208,3.34,7.66,6.3376915707038055
89:372,47.61460883544891,-122.17738410102706,3.3,7.5699997,6.31101468287982
89:373,47.61460883544891,-122.17738410102706,3.3,6.96,6.31101468287982
89:374,47.6146052382202,-122.17736675780297,3.12,6.96,6.14433769015166
89:375,47.6146052382202,-122.17736675780297,3.12,6.7799997,6.14433769015166
89:376,47.61460433884441,-122.17735741914777,2.6799998,6.6099997,5.717660706960244
89:377,47.614603439537234,-122.1773440781954,2.51,6.35,5.56098394311392
89:378,47.614603439537234,-122.1773440781954,2.51,6.43,5.56098394311392
89:379,47.614603439537234,-122.17732940315672,2.4299998,6.52,5.494306855018328
89:380,47.61460254023006,-122.17732139861329,2.05,5.21,5.127630053025031
89:381,47.61460254023006,-122.17732139861329,2.05,5.2999997,5.127630053025031
89:382,47.61460254023006,-122.17731339404442,1.6999999,4.8599997,4.790953103212216
89:383,47.6146007416157,-122.1773040553765,1.24,4.8599997,4.344276258303575
89:384,47.6146007416157,-122.1773040553765,1.24,5.21,4.344276258303575
89:385,47.6146007416157,-122.17729605080761,0.88,5.47,3.9975993180275022
89:386,47.6146007416157,-122.1772880462642,0.5,4.42,3.630922396824916
89:387,47.6146007416157,-122.1772880462642,0.5,4.5099998,3.630922396824916
89:388,47.61459984223991,-122.17727870759626,0.14,3.81,3.2842454714500047
89:389,47.61459984223991,-122.17726536665663,-0.11,3.98,3.047568545479047
89:390,47.61459984223991,-122.17726536665663,-0.11,3.98,3.047568545479047
89:391,47.6146007416157,-122.17725069161793,-0.38,3.81,2.790891623680414
89:392,47.61460254023006,-122.17723468250563,-0.39999998,3.4499998,2.7842147167829427
89:393,47.61460254023006,-122.17723468250563,-0.39999998,3.4499998,2.7842147167829427
89:394,47.61460254023006,-122.17722000746693,-0.59,3.28,2.6075377931961707
89:395,47.61460433884441,-122.17720800062635,-0.81,3.28,2.4008608386149835
89:396,47.614607036834556,-122.17719065738954,-0.81,3.8,2.4008608386149835
89:397,47.614607036834556,-122.17719065738954,-0.81,3.8899999,2.4008608386149835
89:398,47.61461153343905,-122.17717464827724,-0.84,3.27,2.384183941254255
89:399,47.61461603004355,-122.1771586391395,-0.85999995,3.1,2.3775070343567837
89:400,47.61462142595522,-122.17714396410081,-0.84999996,3.1899998,2.4008300988490827
89:401,47.61462142595522,-122.17714396410081,-0.84999996,2.84,2.4008300988490827
89:402,47.6146268218669,-122.17712928908756,-0.89,2.32,2.374153151420453
89:403,47.61463581507589,-122.17711995041964,-1.12,2.23,2.1574762063760087
89:404,47.61464660696785,-122.17711194582532,-1.14,2.75,2.150799299478537
89:405,47.61464660696785,-122.17711194582532,-1.14,3.1,2.150799299478537
89:406,47.61465739882551,-122.17710394128189,-1.22,2.84,2.084122330592235
89:407,47.614667291341675,-122.17709593673845,-1.27,3.01,2.047445452304993
89:408,47.61467808319933,-122.17708793214413,-1.3199999,2.3999999,2.010768574017751
89:409,47.61467808319933,-122.17708793214413,-1.3199999,2.48,2.010768574017751
89:410,47.61468707640832,-122.17707992760072,-1.53,2.48,1.8140916098998208
89:411,47.61468707640832,-122.17707992760072,-1.53,2.3899999,1.8140916098998208
89:412,47.61470955943081,-122.17706391846296,-1.8299999,2.6499999,1.5274147316125788
89:413,47.61470955943081,-122.17706391846296,-1.8299999,2.3899999,1.5274147316125788
89:414,47.61472035128846,-122.17705591391953,-2.08,1.6999999,1.290737805641621
89:415,47.61473024380464,-122.17704924344972,-2.12,1.6899999,1.2640609178176359
89:416,47.61473024380464,-122.17704924344972,-2.12,1.6899999,1.2640609178176359
89:417,47.614740136320805,-122.1770412388554,-2.3899999,2.3899999,1.0073840109201644
89:418,47.61475092817846,-122.17703456838558,-2.46,2.04,0.9507069132878296
89:419,47.614761720036114,-122.17702656384215,-2.51,1.86,0.9140300350005877
89:420,47.614761720036114,-122.17702656384215,-2.51,2.04,0.9140300350005877
89:421,47.61477251189377,-122.17701855924783,-2.62,2.47,0.8173532139338047
89:422,47.61478330375142,-122.17701188877801,-2.6799998,2.29,0.7706763451833059
89:423,47.61479499491625,-122.17700388423458,-2.76,1.0699999,0.7039992570877143
89:424,47.61479499491625,-122.17700388423458,-2.76,0.72999996,0.7039992570877143
89:425,47.61480578677391,-122.17699454556666,-2.8799999,0.81,0.5973224455576744
89:426,47.61481657859726,-122.17698520689873,-3.09,0.55,0.40064548143974393
89:427,47.61481657859726,-122.17698520689873,-3.09,1.51,0.40064548143974393
89:428,47.61482557180625,-122.1769772023553,-3.35,1.5899999,0.15396856500552927
89:429,47.61483546435673,-122.17697186595909,-3.58,1.42,-0.06270838003891488
89:430,47.61483546435673,-122.17697186595909,-3.58,0.63,-0.06270838003891488
89:431,47.6148453568729,-122.17696386141566,-3.78,0.28,-0.24938535369358852
89:432,47.61485614873055,-122.17695719094584,-3.86,0.28,-0.31606220337060104
89:433,47.61486694058821,-122.17695052047603,-3.9099998,-0.07,-0.35273908165784307
89:434,47.61486694058821,-122.17695052047603,-3.9099998,-0.07,-0.35273908165784307
89:435,47.61487863175304,-122.17694518407981,-4,-0.07,-0.42941616021669154
89:436,47.614890322917866,-122.17694118180809,-4.1,-0.25,-0.5160929908202176
89:437,47.6149020140827,-122.17693851360998,-4.18,-0.07,-0.5827698404972301
89:438,47.61491460458901,-122.17693584546278,-4.2599998,-0.34,-0.6494466901742426
89:439,47.61491460458901,-122.17693584546278,-4.2599998,-0.78,-0.6494466901742426
89:440,47.61492629575385,-122.17693184314017,-4.33,-0.07,-0.7061237878065774
89:441,47.614937986918676,-122.17693184314017,-4.4,-0.16,-0.7628008854389121
89:442,47.61494967810066,-122.17692650679484,-4.49,-0.08,-0.8394774871606023
89:443,47.61494967810066,-122.17692650679484,-4.49,0.01,-0.8394774871606023
89:444,47.614961369282646,-122.17692117039863,-4.79,-0.08,-1.1261546038664234
89:445,47.61497216112314,-122.17691316585521,-4.99,-0.26,-1.312831339102518
89:446,47.61497216112314,-122.17691316585521,-4.99,-0.26,-1.312831339102518
89:447,47.61498205365647,-122.17690649538538,-5.0699997,-0.61,-1.3795081887795304
89:448,47.61499104686546,-122.17689982491557,-5.31,-0.61,-1.6061853627058105
89:449,47.61499104686546,-122.17689982491557,-5.31,-1.13,-1.6061853627058105
89:450,47.61500093939879,-122.17689315444575,-5.5299997,-1.13,-1.8128620788684187
89:451,47.61501083193211,-122.17688381577781,-5.79,-1.13,-2.059539233721212
89:452,47.61501083193211,-122.17688381577781,-5.79,-1.31,-2.059539233721212
89:453,47.61502072446544,-122.1768784793816,-5.8199997,-0.7,-2.0762158926633614
89:454,47.61503151630593,-122.17687180891178,-5.8799996,-0.35,-2.12289276141386
89:455,47.61504230816359,-122.17686380436835,-5.92,0,-2.1495701260750035
89:456,47.61504230816359,-122.17686380436835,-5.92,0.089999996,-2.1495701260750035
89:457,47.61505310000409,-122.17685579982493,-5.92,-0.089999996,-2.1495701260750035
89:458,47.61506299253742,-122.17684779523061,-6,-0.7,-2.216246975752016
89:459,47.61507378439507,-122.17683979068718,-6.04,-0.089999996,-2.242923863576001
89:460,47.61507378439507,-122.17683979068718,-6.04,-0.089999996,-2.242923863576001
89:461,47.61508367691982,-122.17683312021737,-6.08,-0.17999999,-2.2696007513999863
89:462,47.61509446877747,-122.17682644974755,-6.15,-0.099999994,-2.326277849032321
89:463,47.61510526062655,-122.17681977927772,-6.22,-1.3199999,-2.3829544698274976
89:464,47.61510526062655,-122.17681977927772,-6.22,-1.75,-2.3829544698274976
89:465,47.615113354511216,-122.1768131088079,-6.49,-1.8399999,-2.639631376724969
89:466,47.61511964975579,-122.1768104406098,-6.8999996,-1.93,-3.0363081501080362
89:467,47.61512504568462,-122.17680643833809,-7.35,-2.28,-3.472985362181289
89:468,47.61512504568462,-122.17680643833809,-7.35,-1.5799999,-3.472985362181289
89:469,47.615134038893615,-122.17679976786826,-7.45,-1.5899999,-3.559662192784815
89:470,47.61514483074269,-122.17680377013998,-7.47,-1.15,-3.5663390996822866
89:471,47.61514483074269,-122.17680377013998,-7.47,-2.2,-3.5663390996822866
89:472,47.61515022667152,-122.17681711107961,-7.47,-2.37,-3.5663390996822866
89:473,47.61515742123614,-122.17683178609286,-7.5099998,-2.55,-3.5930159875062717
89:474,47.61516461580505,-122.1768437929589,-7.49,-1.8499999,-3.559692932550716
89:475,47.61517360901404,-122.17685313162683,-7.44,-1.9399999,-3.4963701446239686
89:476,47.615182602223044,-122.17686513844197,-7.43,-2.55,-3.4730468417130904
89:477,47.615182602223044,-122.17686513844197,-7.43,-1.8499999,-3.4730468417130904
89:478,47.61519159543204,-122.1768758112344,-7.44,-1.3299999,-3.469723996565884
89:479,47.61520148796321,-122.17688381577781,-7.39,-1.16,-3.4064007318019787
89:480,47.61521138049225,-122.17689315444575,-7.3599997,-1.16,-3.363077447964587
89:481,47.61521857505955,-122.17690649538538,-7.35,-1.16,-3.339754621890867
89:482,47.61521857505955,-122.17690649538538,-7.35,-1.3399999,-3.339754621890867
89:483,47.61522576962685,-122.17691983632503,-7.3199997,-1.0699999,-3.296431338053475
89:484,47.615231165552466,-122.17693584546278,-7.33,-0.9,-3.293108492906269
89:485,47.61523656147808,-122.17695052047603,-7.31,-1.0799999,-3.259785437950713
89:486,47.61524195740369,-122.17696652961376,-7.29,-1.0799999,-3.226462382995157
89:487,47.61524195740369,-122.17696652961376,-7.29,-1.16,-3.226462382995157
89:488,47.61524735332823,-122.17698253875152,-7.2999997,-0.98999995,-3.2231390610107926
89:489,47.61525274925491,-122.17699721376476,-7.31,-1.0799999,-3.2198162158635864
89:490,47.615258145179446,-122.17701188877801,-7.2999997,-1.0799999,-3.196492912952708
89:491,47.615263541103985,-122.17702656384215,-7.31,-0.98999995,-3.193170067805502
89:492,47.615263541103985,-122.17702656384215,-7.31,-1.17,-3.193170067805502
89:493,47.615268937032816,-122.1770425729799,-7.3399997,-1.17,-3.209846726747651
89:494,47.61527343363731,-122.17705858206675,-7.33,-1.26,-3.186523900673931
89:495,47.61527793024181,-122.1770745912045,-7.3399997,-1,-3.1832005786895667
89:496,47.615282426846306,-122.17709060034224,-7.3399997,-0.83,-3.1832005786895667
89:497,47.615282426846306,-122.17709060034224,-7.3399997,-0.83,-3.1832005786895667
89:498,47.6152869234508,-122.17710660947999,-7.31,-0.74,-3.139877771689333
89:499,47.6152914200553,-122.17712261861774,-7.31,-0.83,-3.139877771689333
89:500,47.6152959166598,-122.1771386277046,-7.3399997,-0.91999996,-3.1565544306314823
89:501,47.61530041326,-122.17715463686778,-7.2999997,-1,-3.103231394749413
89:502,47.61530041326,-122.17715463686778,-7.2999997,-1.01,-3.103231394749413
89:503,47.61530760782892,-122.17716797780743,-7.31,-1.27,-3.0999085496022065
89:504,47.615314802397826,-122.17718398691973,-7.41,-1.01,-3.1865853802057327
89:505,47.61532109764241,-122.17719999605747,-7.48,-1.01,-3.2432624778380674
89:506,47.61532649357123,-122.17721600516977,-7.52,-1.1899999,-3.2699393656620526
89:507,47.61532649357123,-122.17721600516977,-7.52,-0.84,-3.2699393656620526
89:508,47.61533368814015,-122.17723068020847,-7.5699997,-0.84,-3.3066160055307154
89:509,47.615339084060395,-122.17724668934622,-7.6099997,-0.84,-3.3332928933547006
89:510,47.61534447998922,-122.1772613643849,-7.64,-0.58,-3.349970029134008
89:511,47.615348976593715,-122.1772773734972,-7.7599998,-0.84,-3.456646840664048
89:512,47.615348976593715,-122.1772773734972,-7.7599998,-0.66999996,-3.456646840664048
89:513,47.61535347319822,-122.1772920485359,-7.79,-0.84,-3.473323976443355
89:514,47.615357969802716,-122.1773040553765,-7.83,-0.66999996,-3.5000008642673404
89:515,47.615357969802716,-122.1773040553765,-7.83,-0.76,-3.5000008642673404
89:516,47.6153462786293,-122.17730138720383,-7.8799996,-0.76,-3.5366775041360032
89:517,47.61534088270048,-122.17728537806609,-7.8199997,-0.94,-3.46335448732742
89:518,47.61534088270048,-122.17728537806609,-7.8199997,-1.12,-3.46335448732742
89:519,47.61533728542031,-122.17726803485473,-7.83,-1.03,-3.4600316421802138
89:520,47.61533278881581,-122.17725069161793,-7.8399997,-1.03,-3.4567083201958493
89:521,47.615325594246904,-122.17723468250563,-7.83,-0.68,-3.4333854941221293
89:522,47.61531929900232,-122.17721867336788,-7.85,-0.94,-3.440062401019601
89:523,47.615312104433414,-122.17720266423014,-7.8799996,-0.85999995,-3.45673905996175
89:524,47.61530221190866,-122.17718932329049,-7.9199996,-0.51,-3.483415947785735
89:525,47.61528962141093,-122.17718798921689,-8.0199995,-0.85999995,-3.5700927783892613
89:526,47.61528962141093,-122.17718798921689,-8.0199995,-0.77,-3.5700927783892613
89:527,47.61527793024181,-122.17719065738954,-8.22,-0.68,-3.7567704672996722
89:528,47.6152662390684,-122.17719999605747,-8.42,-1.03,-3.9434472025357667
89:529,47.61525544721718,-122.17720800062635,-8.559999,-0.95,-4.070123518155162
89:530,47.61525544721718,-122.17720800062635,-8.559999,-0.17,-4.070123518155162
89:531,47.615245554688144,-122.17721467109617,-8.309999,-0.42999998,-3.80680044412612
89:532,47.61523746079919,-122.17722134156598,-8.04,-0.42999998,-3.523477866007722
89:533,47.615231165552466,-122.17722667793676,-7.73,-0.34,-3.200154849199139
89:534,47.6152194743812,-122.17723068020847,-7.5699997,-0.52,-3.026831450920829
89:535,47.6152194743812,-122.17723068020847,-7.5699997,-0.87,-3.026831450920829
89:536,47.61520688388775,-122.17723334840657,-7.54,-1.05,-2.9835086439205956
89:537,47.6151942933943,-122.17723468250563,-7.5699997,-0.88,-3.0001853028627448
89:538,47.615182602223044,-122.17723868477734,-7.64,-0.7,-3.0568624004950795
89:539,47.61517001172959,-122.17724268704906,-7.7,-0.7,-3.1035392692455783
89:540,47.615158320560475,-122.17724935751887,-7.73,0.61,-3.1202164050248857
89:541,47.615158320560475,-122.17724935751887,-7.73,0.08,-3.1202164050248857
89:542,47.61514662938278,-122.17725469391509,-7.83,0,-3.206893235628412
89:543,47.61513493821794,-122.17726269845852,-7.8599997,0.34,-3.223569894570561
89:544,47.61512504568462,-122.17727470532455,-7.74,0.34,-3.090246934982437
89:545,47.61511605247563,-122.1772880462642,-7.6699996,0.16,-3.0069236892920177
89:546,47.61510795859096,-122.17730005310477,-7.6,0.85999995,-2.9236009204387567
89:547,47.61509986469772,-122.17731205994536,-7.5499997,0.85999995,-2.8602776556748513
89:548,47.61509986469772,-122.17731205994536,-7.5499997,0.77,-2.8602776556748513
89:549,47.615093569453144,-122.17732139861329,-7.37,1.4699999,-2.666954753307186
89:550,47.615089972172974,-122.17732673498405,-7.0899997,0.85999995,-2.373631469469794
89:551,47.61508547556848,-122.17733340545388,-6.77,2.08,-2.0403087006165332
89:552,47.61508547556848,-122.17733340545388,-6.77,1.99,-2.0403087006165332
89:553,47.61508547556848,-122.17733340545388,-6.77,1.99,-2.0403087006165332
89:554,47.615077381675235,-122.17734674639351,-6.3199997,1.9,-1.5769853404851961
89:555,47.615077381675235,-122.17734674639351,-6.3199997,1.4599999,-1.5769853404851961
89:556,47.615069287790575,-122.1773680918893,-6.0699997,1.9,-1.313662266456154
89:557,47.615069287790575,-122.1773680918893,-6.0699997,1.9,-1.313662266456154
89:558,47.6150701871149,-122.177382766928,-6.08,1.7199999,-1.3103394213089476
89:559,47.615077381675235,-122.17739610786764,-6.0899997,1.55,-1.3070160993245832
89:560,47.615082777604066,-122.17741078290634,-6.14,1.55,-1.3436932160304043
89:561,47.615082777604066,-122.17741078290634,-6.14,1.63,-1.3436932160304043
89:562,47.61508637488423,-122.17741878746249,-6.19,1.7199999,-1.3803703327362253
89:563,47.61508637488423,-122.17741878746249,-6.19,1.81,-1.3803703327362253
89:564,47.61508637488423,-122.17741878746249,-6.19,2.1499999,-1.3803703327362253
89:565,47.61508637488423,-122.17741878746249,-6.19,2.1499999,-1.3803703327362253
89:566,47.61508637488423,-122.17741878746249,-6.19,2.24,-1.3803703327362253
89:567,47.61508637488423,-122.17741878746249,-6.19,2.4099998,-1.3803703327362253
89:568,47.61508637488423,-122.17741878746249,-6.19,2.07,-1.3803703327362253
89:569,47.61508637488423,-122.17741878746249,-6.19,1.89,-1.3803703327362253
89:570,47.61508637488423,-122.17741878746249,-6.19,1.89,-1.3803703327362253
89:571,47.61508637488423,-122.17741878746249,-6.19,1.89,-1.3803703327362253
89:572,47.61508637488423,-122.17741878746249,-6.19,2.24,-1.3803703327362253
89:573,47.61508637488423,-122.17741878746249,-6.19,2.07,-1.3803703327362253
89:574,47.61508637488423,-122.17741878746249,-6.19,1.8,-1.3803703327362253
89:575,47.61508637488423,-122.17741878746249,-6.19,1.8,-1.3803703327362253
89:576,47.61508637488423,-122.17741878746249,-6.19,1.7099999,-1.3803703327362253
89:577,47.61508637488423,-122.17741878746249,-6.19,1.7099999,-1.3803703327362253
89:578,47.61508637488423,-122.17741878746249,-6.19,2.32,-1.3803703327362253
89:579,47.61508637488423,-122.17741878746249,-6.19,2.1399999,-1.3803703327362253
89:580,47.61508637488423,-122.17741878746249,-6.19,2.32,-1.3803703327362253
89:581,47.61508637488423,-122.17741878746249,-6.19,2.23,-1.3803703327362253
89:582,47.61508637488423,-122.17741878746249,-6.19,1.6999999,-1.3803703327362253
89:583,47.61508637488423,-122.17741878746249,-6.19,1.79,-1.3803703327362253
89:584,47.61508637488423,-122.17741878746249,-6.19,1.9599999,-1.3803703327362253
89:585,47.61509177081306,-122.17742679203135,-6.22,2.05,-1.3970469916783745
89:586,47.61509267012881,-122.17742012156154,-6.22,2.22,-1.3970469916783745
89:587,47.61509267012881,-122.17742012156154,-6.22,2.05,-1.3970469916783745
89:588,47.61508637488423,-122.17740544652284,-6.23,1.6999999,-1.3937241465311683
89:589,47.61507828099957,-122.17739343968226,-6.22,1.6999999,-1.3704008436202901
89:590,47.61506658981758,-122.17738810329877,-6.25,1.9599999,-1.3870779793995975
89:591,47.61505489865275,-122.17738943739782,-6.29,2.1299999,-1.4137548672235827
89:592,47.6150441067951,-122.17739343968226,-6.2999997,2.05,-1.4104315452392182
89:593,47.615033314954594,-122.17739744196669,-6.31,1.9599999,-1.407108700092012
89:594,47.61502162377261,-122.17739744196669,-6.3399997,2.1299999,-1.4237853590341611
89:595,47.61502162377261,-122.17739744196669,-6.3399997,2.1299999,-1.4237853590341611
89:596,47.615009932607784,-122.17739343968226,-6.39,1.87,-1.4604624757399822
89:597,47.61500093939879,-122.17738810329877,-6.43,1.86,-1.4871393635639674
89:598,47.615002738047444,-122.17738943739782,-6.43,2.22,-1.4871393635639674
89:599,47.615002738047444,-122.17738943739782,-6.43,1.86,-1.4871393635639674
89:600,47.61500543600329,-122.17739610786764,-6.3799996,1.86,-1.4238160988000619
89:601,47.61500543600329,-122.17739610786764,-6.3799996,1.16,-1.4238160988000619
89:602,47.61499554346996,-122.17739477376858,-6.42,1.68,-1.4504934634612052
89:603,47.61498565093664,-122.17740011015208,-6.41,1.5899999,-1.427170160550327
89:604,47.614982952980796,-122.17740544652284,-6.41,1.77,-1.427170160550327
89:605,47.61498205365647,-122.1774067806219,-6.42,1.3299999,-1.4238473154031208
89:606,47.61498205365647,-122.1774067806219,-6.42,1.68,-1.4238473154031208
89:607,47.614989248233954,-122.17741478517804,-6.42,1.42,-1.4238473154031208
89:608,47.61499914075013,-122.17742278974693,-6.45,2.81,-1.44052397434527
89:609,47.61499914075013,-122.17742278974693,-6.45,2.98,-1.44052397434527
89:610,47.61499914075013,-122.17743212840213,-6.23,3.07,-1.2072011101245774
89:611,47.61500183872312,-122.17743879887195,-5.89,3.07,-0.8538778835076446
89:612,47.615003637354626,-122.17744546934176,-5.5299997,3.06,-0.48055467596419815
89:613,47.61500723465194,-122.17745080572526,-5.17,3.59,-0.10723194525790988
89:614,47.61500723465194,-122.17745080572526,-5.17,3.6699998,-0.10723194525790988
89:615,47.615006335327614,-122.17746414665854,-5,3.85,0.0760912050650776
89:616,47.61499644279429,-122.17746414665854,-5.0299997,3.58,0.05941454612292837
89:617,47.61499374483845,-122.17744813752715,-4.48,4.2799997,0.6227373340496757
89:618,47.61499374483845,-122.17744813752715,-4.48,4.19,0.6227373340496757
89:619,47.614990147541135,-122.17744146705733,-4.17,4.98,0.9460603508582589
89:620,47.614989248233954,-122.1774347965875,-3.82,5.33,1.3093835679384487
89:621,47.61498565093664,-122.17741878746249,-3.6,4.98,1.5427066705777204
89:622,47.61497935570063,-122.17740544652284,-3.6499999,5.0699997,1.5060297922904784
89:623,47.61497935570063,-122.17740544652284,-3.6499999,4.7999997,1.5060297922904784
89:624,47.61497935570063,-122.17740544652284,-3.6499999,4.45,1.5060297922904784
89:625,47.6149739597718,-122.17740144423841,-3.6599998,4.7999997,1.5093528758562638
89:626,47.61495147674932,-122.17741745337615,-3.7099998,4.44,1.4726759975690218
89:627,47.61493978558449,-122.1774254579323,-3.72,4.5299997,1.475998842716228
89:628,47.614927195095326,-122.1774307943158,-3.74,4.79,1.4693219358187566
89:629,47.61491550389619,-122.17743746478561,-3.76,4.88,1.4626450289212851
89:630,47.61490291342418,-122.17744413525544,-3.78,4.62,1.4559681220238136
89:631,47.61489122225935,-122.1774494716262,-3.84,4.96,1.4092912532733148
89:632,47.61487953106021,-122.17745614209602,-3.87,4.96,1.3926143559125865
89:633,47.61487953106021,-122.17745614209602,-3.87,4.96,1.3926143559125865
89:634,47.61486783989538,-122.17746281256585,-3.8999999,4.79,1.3759374585518582
89:635,47.61485524942338,-122.17746948303567,-3.8799999,4.52,1.409260513507414
89:636,47.61484355822424,-122.17747748759818,-3.9299998,4.52,1.3725836352201721
89:637,47.61483186705941,-122.177484158068,-3.9499998,4.52,1.3659067283227007
89:638,47.6148192765874,-122.17749082853781,-3.9599998,4.52,1.369229811888486
89:639,47.61480668608108,-122.17749349672955,-3.97,4.43,1.3725526570356923
89:640,47.614802189476585,-122.17750817176189,-3.99,4.43,1.3658757501382208
89:641,47.614802189476585,-122.17750817176189,-3.99,4.42,1.3658757501382208
89:642,47.614803988125246,-122.17752017860884,-4.0899997,5.0299997,1.2791991579532738
89:643,47.614803988125246,-122.17752017860884,-4.0899997,4.95,1.2791991579532738
89:644,47.6148147799829,-122.17752551498279,-4.11,5.65,1.272521774218644
89:645,47.6148192765874,-122.17753485364118,-3.9499998,5.65,1.4458451724969539
89:646,47.61482107520175,-122.17754152411258,-3.55,6.08,1.8591681034748486
89:647,47.614822873850414,-122.17754686048812,-3.21,6.08,2.2124910916732023
89:648,47.61482557180625,-122.17755486505143,-2.87,5.5499997,2.565814318290135
89:649,47.61482647114773,-122.1775642037098,-2.5,6.5099998,2.9491372778782594
89:650,47.6148192765874,-122.17757220827392,-2.57,6.8599997,2.8924604186645038
89:651,47.61481208199276,-122.17756153552205,-2.57,6.5099998,2.8924604186645038
89:652,47.61481208199276,-122.17756153552205,-2.57,7.29,2.8924604186645038
89:653,47.614809384036924,-122.17755486505223,-2.2,7.0299997,3.275783378252628
89:654,47.61480668608108,-122.17754819458399,-1.87,6.94,3.6191064951970144
89:655,47.61480488743243,-122.1775401900199,-1.56,7.0299997,3.942429631214887
89:656,47.614803988125246,-122.1775308513631,-1.1899999,7.5499997,4.325752710012301
89:657,47.614803988125246,-122.1775308513631,-1.1899999,7.5499997,4.325752710012301
89:658,47.61480129016941,-122.1775148422349,-1.3,7.72,4.2290757697362285
89:659,47.61480129016941,-122.17750016719938,-1.3199999,7.72,4.222398862838757
89:660,47.61480129016941,-122.17750016719938,-1.3199999,7.46,4.222398862838757
89:661,47.614790498311756,-122.17749883310668,-1.31,7.54,4.245721927331056
89:662,47.61477880714693,-122.1775068376692,-1.35,7.54,4.219044920297781
89:663,47.614767115947785,-122.17751350813901,-1.38,7.98,4.202368022937053
89:664,47.61475632412444,-122.1775228467974,-1.37,7.54,4.225691087429352
89:665,47.61474643157396,-122.17753351954848,-1.41,7.2,4.199014199605367
89:666,47.61473563971631,-122.17754419229956,-1.4399999,8.33,4.182337302244639
89:667,47.61472484789296,-122.17755353095794,-1.4699999,8.15,4.16566040488391
89:668,47.61471945194698,-122.17755753323999,-1.4699999,8.24,4.16566040488391
89:669,47.61471945194698,-122.17755753323999,-1.4699999,8.24,4.16566040488391
89:670,47.61471045873799,-122.1775642037098,-1.49,8.32,4.158983378777149
89:671,47.614701465528995,-122.17757621055517,-1.4599999,7.71,4.202306543405252
89:672,47.614701465528995,-122.17757621055517,-1.4599999,7.98,4.202306543405252
89:673,47.61469247232,-122.1775895514956,-1.4399999,7.89,4.235629598360807
89:674,47.61468437845249,-122.17760289243525,-1.4599999,7.89,4.228952691463336
89:675,47.61467448590201,-122.17760822881237,-1.4399999,7.89,4.262275746418892
89:676,47.61467448590201,-122.17760822881237,-1.4399999,8.32,4.262275746418892
89:677,47.614650204265175,-122.17762423794058,-1.25,8.41,4.4655987584591035
89:678,47.61463941237321,-122.17763491068848,-1.18,8.67,4.548921884940233
89:679,47.614630419164214,-122.17764958572717,-1.12,8.58,4.622244901748816
89:680,47.61462322463819,-122.17766559485219,-1.12,8.67,4.622244901748816
89:681,47.61461962734087,-122.1776829380699,-1.15,8.49,4.605568004388088
89:682,47.61462052664805,-122.17770294947937,-1.2099999,8.58,4.558891135637589
89:683,47.61462412394537,-122.1777216268025,-1.25,8.41,4.5322141286043145
89:684,47.614628620549865,-122.1777403041129,-1.3,8.67,4.4955372503170725
89:685,47.61463401646154,-122.17775764733699,-1.42,7.89,4.388860319577743
89:686,47.61463401646154,-122.17775764733699,-1.42,8.23,4.388860319577743
89:687,47.61464031168039,-122.1777763246474,-1.56,8.32,4.2621834079119
89:688,47.61464660696785,-122.17779366787147,-1.7099999,7.71,4.1255065057828
89:689,47.61465290222101,-122.17781101110826,-1.91,7.18,3.9388295321281266
89:690,47.61465829813268,-122.17782835431962,-2.08,7.5299997,3.782152649072513
89:691,47.61466369404436,-122.17784569753097,-2.25,7.27,3.62547564680761
89:692,47.61466998929751,-122.17786304076778,-2.46,7.18,3.4287986826896795
89:693,47.61467628455067,-122.17787904988008,-2.6499999,7.0099998,3.252121937916842
89:694,47.61468168046235,-122.17789639311688,-2.82,6.66,3.0954449356519387
89:695,47.61468168046235,-122.17789639311688,-2.82,7.0899997,3.0954449356519387
89:696,47.614687975715505,-122.17791240222918,-3.06,7.18,2.8687680001442377
89:697,47.61469517027584,-122.17792841136692,-3.24,7,2.7020910074160778
89:698,47.614702364870475,-122.17794442050467,-3.3999999,6.83,2.5554142340330106
89:699,47.61470866008933,-122.17796176371603,-3.59,6.92,2.378737250841594
89:700,47.614714955342485,-122.17797910692738,-3.78,6.83,2.202060267650177
89:701,47.61472035128846,-122.17799778423779,-3.9299998,6.83,2.0653834847303667
89:702,47.614726646507314,-122.17801379337553,-4.08,7.18,1.9287064633919773
89:703,47.61473384110195,-122.17803113658688,-4.25,6.2999997,1.7720294611270742
89:704,47.61473923701363,-122.17804847984914,-4.39,6.48,1.6453526686705207
89:705,47.61474643157396,-122.17806582306049,-4.5,6.2999997,1.5486756091851586
89:706,47.614751827519946,-122.17808316627185,-4.63,5.7799997,1.4319985687732828
89:707,47.614751827519946,-122.17808316627185,-4.63,5.6,1.4319985687732828
89:708,47.61475992138745,-122.17809917540959,-4.73,5.95,1.3453217381697566
89:709,47.61476981393793,-122.17811251634923,-4.83,5.95,1.2586449075662305
89:710,47.61478330375142,-122.17811918681905,-4.92,5.5099998,1.181967829007382
89:711,47.61479679356491,-122.17812052089266,-5.0499997,5.43,1.0652912654326645
89:712,47.614809384036924,-122.17811785269456,-5.15,5.43,0.9786139579919801
89:713,47.614822873850414,-122.17811651862094,-5.2999997,5.5099998,0.8419374134907489
89:714,47.614836363663905,-122.17811385042283,-5.45,5.3399997,0.7052603921523595
89:715,47.61484895417022,-122.17810984815112,-5.6299996,5.25,0.5385836378427786
89:716,47.61484895417022,-122.17810984815112,-5.6299996,5.3399997,0.5385836378427786
89:717,47.614861544642224,-122.17810451175491,-5.7599998,5.3399997,0.4219065974309028
89:718,47.61487413514854,-122.1780978412851,-5.8599997,4.64,0.3352297668273766
89:719,47.61488582631337,-122.17808850266806,-6.0099998,4.2799997,0.19855274548898713
89:720,47.614897517478205,-122.17808316627185,-6.1299996,4.37,0.09187593395894728
89:721,47.614910107984514,-122.17807782987563,-6.2599998,4.2,-0.024801106452928524
89:722,47.61492269849083,-122.17807249353031,-6.42,4.5499997,-0.17147835667315392
89:723,47.61493438965566,-122.17806315486239,-6.49,4.37,-0.2281549774683305
89:724,47.614944282188986,-122.17805114799634,-6.5899997,4.02,-0.3148318080718567
89:725,47.61495507402949,-122.1780391411812,-6.72,3.9399998,-0.4315088484837325
89:726,47.61496676521147,-122.17802980251328,-6.79,3.77,-0.4881859461160673
89:727,47.61496676521147,-122.17802980251328,-6.79,3.6699998,-0.4881859461160673
89:728,47.6149784563763,-122.17802179796985,-6.8599997,3.59,-0.5448625669112439
89:729,47.61499104686546,-122.17801379337553,-6.99,3.32,-0.6615396073231197
89:730,47.615002738047444,-122.17800578883211,-7.1299996,3.32,-0.7882163997796732
89:731,47.61501442921228,-122.17799645016417,-7.22,3.4099998,-0.8648934783385216
89:732,47.61502612037711,-122.1779884455953,-7.31,3.49,-0.94157055689737
89:733,47.615036912234764,-122.17798044102643,-7.45,3.4099998,-1.0682473493539235
89:734,47.61504860339959,-122.17797110238395,-7.58,3.4099998,-1.1849243897657993
89:735,47.61506119390591,-122.17796576598774,-7.66,2.97,-1.2516012394428118
89:736,47.61507288507074,-122.17795909551792,-7.81,3.05,-1.3882782607812012
89:737,47.61507288507074,-122.17795909551792,-7.81,3.1399999,-1.3882782607812012
89:738,47.61508457624415,-122.1779524250481,-7.97,3.1399999,-1.5349550341642684
89:739,47.615096267417556,-122.17794575457827,-8.09,2.62,-1.6416323225314664
89:740,47.615107059266634,-122.1779364159358,-8.24,2.62,-1.7783088670326976
89:741,47.61511875044004,-122.17792841136692,-8.44,2.79,-1.9649856022687922
89:742,47.615126844324706,-122.17791373632824,-8.63,1.74,-2.141663062297367
89:743,47.61513224025353,-122.17789505901783,-8.78,1.8299999,-2.2783396067985984
89:744,47.61513224025353,-122.17789505901783,-8.78,2.01,-2.2783396067985984
89:745,47.6151403341382,-122.17788038397913,-8.94,2.27,-2.4250163801816655
89:746,47.61515022667152,-122.17786704303948,-9.09,2.18,-2.561693878357213
89:747,47.61516011920055,-122.17785370209985,-9.23,1.31,-2.6883701939766085
89:748,47.61517091104963,-122.17784302935831,-9.44,1.39,-2.885047158094539
89:749,47.615182602223044,-122.17783502478945,-9.61,1.22,-3.041724160359442
89:750,47.6151942933943,-122.17782835431962,-9.79,0.87,-3.208401391506181
89:751,47.61520688388775,-122.17782034975075,-9.98,1.05,-3.3850778978604397
89:752,47.61520688388775,-122.17782034975075,-9.98,1.04,-3.3850778978604397
89:753,47.615217675738975,-122.17781234518188,-10.17,1.04,-3.5617553578890147
89:754,47.61523026623135,-122.17780700881111,-10.33,0.96,-3.708432131272082
89:755,47.6152428567248,-122.17780300653939,-10.46,1.13,-3.8251091716839576
89:756,47.61525454789714,-122.17779900424223,-10.62,0.96,-3.9717859450670248
89:757,47.6152662390684,-122.17778833150071,-10.7699995,1.04,-4.1084624895682555
89:758,47.61527793024181,-122.1777789928455,-10.889999,1.04,-4.215139301098295
89:759,47.61527793024181,-122.1777789928455,-10.889999,0.69,-4.215139301098295
89:760,47.61528962141093,-122.17777098827662,-11.07,0.69,-4.381816532245034
89:761,47.61530041326,-122.17776298370775,-11.21,0.68,-4.508493801538746
89:762,47.615312104433414,-122.1777549791516,-11.34,0.51,-4.625170841950622
89:763,47.61532379560682,-122.17774697458273,-11.469999,0.16,-4.741846928688181
89:764,47.615335486780225,-122.17773897002658,-11.599999,0.25,-4.858523969100057
89:765,47.615335486780225,-122.17773897002658,-11.599999,0.25,-4.858523969100057
89:766,47.61534717795364,-122.17773229955675,-11.79,0.16,-5.035201429128632
89:767,47.61535886911847,-122.17772429498788,-11.929999,0.68,-5.161877744748027
89:768,47.61536966097612,-122.17771629041901,-12.099999,-0.099999994,-5.31855474701293
89:769,47.61538135214953,-122.17770961994918,-12.2,-0.19,-5.405232054453615
89:770,47.615393043314356,-122.17770294947937,-12.3,-0.02,-5.491909361894299
89:771,47.615404734496344,-122.17769627900955,-12.46,-0.099999994,-5.638586135277366
89:772,47.61541732498551,-122.1776882744534,-12.61,-0.71999997,-5.7752626797785975
89:773,47.61541732498551,-122.1776882744534,-12.61,-0.89,-5.7752626797785975
89:774,47.61542901615034,-122.17768026988452,-12.73,-0.89,-5.881939491308637
89:775,47.61544070733232,-122.1776735994147,-12.86,-1.0699999,-5.998616531720513
89:776,47.61545239849715,-122.17766559485219,-12.95,-1.0699999,-6.0752936102793615
89:777,47.6154631903548,-122.17765492209793,-12.98,-0.55,-6.091970269221511
89:778,47.6154631903548,-122.17765492209793,-12.98,-0.64,-6.091970269221511
89:779,47.61546948559081,-122.1776415811583,-13.0199995,-0.71999997,-6.118647157045496
89:780,47.61546858626648,-122.17762423794058,-13.04,-0.64,-6.125324540780126
89:781,47.61546498898631,-122.1776068947165,-13,-0.55,-6.072001504898056
89:782,47.615458693750305,-122.1775908855899,-12.98,-0.55,-6.038677973105342
89:783,47.61545239849715,-122.17757487646169,-12.99,-0.71999997,-6.035355127958136
89:784,47.61544790189265,-122.17755886733347,-12.98,-0.64,-6.0120318250472575
89:785,47.61544250596383,-122.17754285820527,-12.98,-0.55,-6.0120318250472575
89:786,47.61544250596383,-122.17754285820527,-12.98,-0.21,-6.0120318250472575
89:787,47.615437110034996,-122.17752684907866,-12.99,-0.38,-6.008708979900051
89:788,47.615431714123325,-122.17750950585459,-12.99,-0.38,-6.008708979900051
89:789,47.61542541887017,-122.17749349672955,-12.99,-0.29,-6.008708979900051
89:790,47.615418224309835,-122.17748015578992,-13,-0.38,-6.005386134752845
89:791,47.61540923110084,-122.17746814894298,-13.0199995,-0.47,-6.012062564813158
89:792,47.61539843924319,-122.17745881028141,-13.0199995,-0.47,-6.012062564813158
89:793,47.61538674807836,-122.17745614209602,-13.049999,-0.47,-6.0287392237553075
89:794,47.61538674807836,-122.17745614209602,-13.049999,-0.29999998,-6.0287392237553075
89:795,47.61537415757204,-122.17746014438046,-13.17,-0.39,-6.135416988959664
89:796,47.61536246640721,-122.17746814894298,-13.259999,0.31,-6.212093113844196
89:797,47.6153507752338,-122.1774734853201,-13.309999,0.22,-6.248770230550017
89:798,47.61533998338472,-122.17748282397531,-13.299999,0.31,-6.225446927639139
89:799,47.61533278881581,-122.17748949444513,-13.099999,0.29999998,-6.01212404434496
89:800,47.61533278881581,-122.17748949444513,-13.099999,0.22,-6.01212404434496
89:801,47.615328292211316,-122.17749216263687,-12.679999,0.04,-5.578800894021972
89:802,47.615328292211316,-122.17749216263687,-12.679999,0.29999998,-5.578800894021972
89:803,47.615312104433414,-122.17751083994727,-12.44,0.65,-5.325478048874766
89:804,47.6153049098645,-122.1775241808901,-12.44,0.82,-5.325478048874766
89:805,47.6152959166598,-122.17753485364118,-12.48,0.82,-5.352154936698751
89:806,47.6152959166598,-122.17753485364118,-12.48,0.82,-5.352154936698751
89:807,47.61528602412647,-122.17754152411258,-12.5199995,0.90999997,-5.378831824522736
89:808,47.615274332957355,-122.17754552639384,-12.55,0.82,-5.395509437139202
89:809,47.61526264178394,-122.17754285820527,-12.57,0.72999996,-5.402185867199515
89:810,47.615257245859404,-122.17753885592244,-12.61,0.72999996,-5.4288627550235
89:811,47.615257245859404,-122.17753885592244,-12.61,0.98999995,-5.4288627550235
89:812,47.615257245859404,-122.17753885592244,-12.61,0.98999995,-5.4288627550235
89:813,47.615257245859404,-122.17753885592244,-12.61,0.98999995,-5.4288627550235
89:814,47.61525364857495,-122.17752818317135,-12.69,0.55,-5.495539604700513
89:815,47.61525364857495,-122.17752818317135,-12.69,0.37,-5.495539604700513
89:816,47.61525095061268,-122.1775228467974,-12.679999,0.37,-5.472216301789635
89:817,47.61525095061268,-122.1775228467974,-12.679999,0.45999998,-5.472216301789635
89:818,47.61525095061268,-122.1775228467974,-12.679999,0.81,-5.472216301789635
89:819,47.61525095061268,-122.1775228467974,-12.679999,0.97999996,-5.472216301789635
89:820,47.61525095061268,-122.1775228467974,-12.679999,0.97999996,-5.472216301789635
89:821,47.61525095061268,-122.1775228467974,-12.69,0.97999996,-5.468893456642428
89:822,47.61524735332823,-122.17751484223172,-12.73,0.53999996,-5.4955703444664135
89:823,47.61524735332823,-122.17751484223172,-12.73,0.11,-5.4955703444664135
89:824,47.61524735332823,-122.17751484223172,-12.73,0.45999998,-5.4955703444664135
89:825,47.61524735332823,-122.17751484223172,-12.73,0.62,-5.4955703444664135
89:826,47.61524735332823,-122.17751484223172,-12.73,0.79999995,-5.4955703444664135
89:827,47.61524735332823,-122.17751484223172,-12.73,0.79999995,-5.4955703444664135
89:828,47.61524735332823,-122.17751484223172,-12.73,0.79999995,-5.4955703444664135
89:829,47.61524735332823,-122.17751484223172,-12.73,0.88,-5.4955703444664135
89:830,47.61524735332823,-122.17751484223172,-12.73,0.96999997,-5.4955703444664135
89:831,47.61524735332823,-122.17751484223172,-12.73,0.96999997,-5.4955703444664135
89:832,47.61524735332823,-122.17751484223172,-12.73,0.96999997,-5.4955703444664135
89:833,47.61524735332823,-122.17751484223172,-12.73,0.62,-5.4955703444664135
89:834,47.61524735332823,-122.17751484223172,-12.73,0.71,-5.4955703444664135
89:835,47.61524735332823,-122.17751484223172,-12.73,0.53999996,-5.4955703444664135
89:836,47.61524735332823,-122.17751484223172,-12.73,0.78999996,-5.4955703444664135
89:837,47.61524735332823,-122.17751484223172,-12.73,0.88,-5.4955703444664135
89:838,47.61524735332823,-122.17751484223172,-12.73,0.53999996,-5.4955703444664135
89:839,47.61524735332823,-122.17751484223172,-12.73,0.62,-5.4955703444664135
89:840,47.61524735332823,-122.17751484223172,-12.73,0.88,-5.4955703444664135
89:841,47.61524735332823,-122.17751484223172,-12.73,0.62,-5.4955703444664135
89:842,47.61524735332823,-122.17751484223172,-12.73,0.88,-5.4955703444664135
89:843,47.61524735332823,-122.17751484223172,-12.73,0.78999996,-5.4955703444664135
89:844,47.61524735332823,-122.17751484223172,-12.73,0.61,-5.4955703444664135
89:845,47.61524735332823,-122.17751484223172,-12.73,0.61,-5.4955703444664135
89:846,47.61524735332823,-122.17751484223172,-12.73,0.45,-5.4955703444664135
89:847,47.61524735332823,-122.17751484223172,-12.73,0.35,-5.4955703444664135
89:848,47.61524735332823,-122.17751484223172,-12.73,0.35,-5.4955703444664135
89:849,47.61524735332823,-122.17751484223172,-12.73,0.26,-5.4955703444664135
89:850,47.61524735332823,-122.17751484223172,-12.73,0.35,-5.4955703444664135
89:851,47.61524735332823,-122.17751484223172,-12.73,0.089999996,-5.4955703444664135
89:852,47.61524735332823,-122.17751484223172,-12.73,0.61,-5.4955703444664135
89:853,47.61524735332823,-122.17751484223172,-12.73,0.78999996,-5.4955703444664135
89:854,47.61524735332823,-122.17751484223172,-12.73,0.42999998,-5.4955703444664135
89:855,47.61524735332823,-122.17751484223172,-12.73,0.7,-5.4955703444664135
89:856,47.61524735332823,-122.17751484223172,-12.73,0.78999996,-5.4955703444664135
89:857,47.61524735332823,-122.17751484223172,-12.73,0.61,-5.4955703444664135
89:858,47.61524735332823,-122.17751484223172,-12.73,0.42999998,-5.4955703444664135
89:859,47.61524735332823,-122.17751484223172,-12.73,0.52,-5.4955703444664135
89:860,47.61524735332823,-122.17751484223172,-12.73,0.61,-5.4955703444664135
89:861,47.61524735332823,-122.17751484223172,-12.73,0.52,-5.4955703444664135
89:862,47.61524735332823,-122.17751484223172,-12.73,0.42999998,-5.4955703444664135
89:863,47.61524735332823,-122.17751484223172,-12.73,0.87,-5.4955703444664135
89:864,47.61524735332823,-122.17751484223172,-12.73,1.13,-5.4955703444664135
89:865,47.61524735332823,-122.17751484223172,-12.73,0.78,-5.4955703444664135
89:866,47.61524735332823,-122.17751484223172,-12.73,1.05,-5.4955703444664135
89:867,47.61524735332823,-122.17751484223172,-12.73,0.96,-5.4955703444664135
89:868,47.61524735332823,-122.17751484223172,-12.73,1.39,-5.4955703444664135
89:869,47.61524735332823,-122.17751484223172,-12.73,1.31,-5.4955703444664135
89:870,47.61524735332823,-122.17751484223172,-12.73,0.78,-5.4955703444664135
89:871,47.61524735332823,-122.17751484223172,-12.73,0.7,-5.4955703444664135
89:872,47.61524735332823,-122.17751484223172,-12.73,0.78,-5.4955703444664135
89:873,47.61524735332823,-122.17751484223172,-12.73,0.7,-5.4955703444664135
89:874,47.61524735332823,-122.17751484223172,-12.73,0.7,-5.4955703444664135
89:875,47.61524735332823,-122.17751484223172,-12.73,0.96999997,-5.4955703444664135
89:876,47.61524735332823,-122.17751484223172,-12.73,0.42999998,-5.4955703444664135
89:877,47.61524735332823,-122.17751484223172,-12.73,0.78999996,-5.4955703444664135
89:878,47.61524735332823,-122.17751484223172,-12.73,0.7,-5.4955703444664135
89:879,47.61524735332823,-122.17751484223172,-12.73,0.78999996,-5.4955703444664135
89:880,47.61524735332823,-122.17751484223172,-12.73,0.44,-5.4955703444664135
89:881,47.61524735332823,-122.17751484223172,-12.73,0.7,-5.4955703444664135
89:882,47.61524735332823,-122.17751484223172,-12.73,0.61,-5.4955703444664135
89:883,47.61524735332823,-122.17751484223172,-12.73,0.61,-5.4955703444664135
89:884,47.61524735332823,-122.17751484223172,-12.73,0.7,-5.4955703444664135
89:885,47.61524735332823,-122.17751484223172,-12.73,0.96,-5.4955703444664135
89:886,47.61524735332823,-122.17751484223172,-12.73,1.13,-5.4955703444664135
89:887,47.61524735332823,-122.17751484223172,-12.73,0.62,-5.4955703444664135
89:888,47.61524735332823,-122.17751484223172,-12.73,0.52,-5.4955703444664135
89:889,47.61524735332823,-122.17751484223172,-12.73,0.61,-5.4955703444664135
89:890,47.61524735332823,-122.17751484223172,-12.73,0.78999996,-5.4955703444664135
89:891,47.61524735332823,-122.17751484223172,-12.73,0.7,-5.4955703444664135
89:892,47.61524735332823,-122.17751484223172,-12.73,0.7,-5.4955703444664135
89:893,47.61524735332823,-122.17751484223172,-12.73,0.7,-5.4955703444664135
89:894,47.61524735332823,-122.17751484223172,-12.73,0.7,-5.4955703444664135
89:895,47.61524735332823,-122.17751484223172,-12.73,0.78999996,-5.4955703444664135
89:896,47.61524735332823,-122.17751484223172,-12.73,0.53999996,-5.4955703444664135
89:897,47.61524735332823,-122.17751484223172,-12.73,0.61,-5.4955703444664135
89:898,47.61524735332823,-122.17751484223172,-12.73,1.05,-5.4955703444664135
89:899,47.61524735332823,-122.17751484223172,-12.73,0.96999997,-5.4955703444664135
89:900,47.61524735332823,-122.17751484223172,-12.73,1.49,-5.4955703444664135
89:901,47.61524735332823,-122.17751484223172,-12.73,1.31,-5.4955703444664135
89:902,47.61524735332823,-122.17751484223172,-12.73,1.3199999,-5.4955703444664135
89:903,47.61524735332823,-122.17751484223172,-12.73,0.78999996,-5.4955703444664135
89:904,47.61524735332823,-122.17751484223172,-12.73,0.78999996,-5.4955703444664135
89:905,47.61524735332823,-122.17751484223172,-12.73,0.26999998,-5.4955703444664135
89:906,47.61524735332823,-122.17751484223172,-12.73,0.62,-5.4955703444664135
89:907,47.61524735332823,-122.17751484223172,-12.73,0.88,-5.4955703444664135
89:908,47.61524735332823,-122.17751484223172,-12.73,0.96999997,-5.4955703444664135
89:909,47.61524735332823,-122.17751484223172,-12.73,0.96999997,-5.4955703444664135
89:910,47.61524735332823,-122.17751484223172,-12.73,0.79999995,-5.4955703444664135
89:911,47.61524735332823,-122.17751484223172,-12.73,1.06,-5.4955703444664135
89:912,47.61524735332823,-122.17751484223172,-12.73,0.97999996,-5.4955703444664135
89:913,47.61524735332823,-122.17751484223172,-12.73,0.62,-5.4955703444664135
89:914,47.61524735332823,-122.17751484223172,-12.73,0.62,-5.4955703444664135
89:915,47.61524735332823,-122.17751484223172,-12.73,0.79999995,-5.4955703444664135
89:916,47.61524735332823,-122.17751484223172,-12.73,0.79999995,-5.4955703444664135
89:917,47.61524735332823,-122.17751484223172,-12.73,0.71,-5.4955703444664135
89:918,47.61524735332823,-122.17751484223172,-12.73,0.89,-5.4955703444664135
89:919,47.61524735332823,-122.17751484223172,-12.73,1.0699999,-5.4955703444664135
89:920,47.61524735332823,-122.17751484223172,-12.73,1.16,-5.4955703444664135
89:921,47.61524735332823,-122.17751484223172,-12.73,1.3299999,-5.4955703444664135
89:922,47.61524735332823,-122.17751484223172,-12.73,0.97999996,-5.4955703444664135
89:923,47.61524735332823,-122.17751484223172,-12.73,0.97999996,-5.4955703444664135
89:924,47.61524735332823,-122.17751484223172,-12.73,1.42,-5.4955703444664135
89:925,47.61524735332823,-122.17751484223172,-12.73,1.3399999,-5.4955703444664135
89:926,47.61524735332823,-122.17751484223172,-12.73,0.97999996,-5.4955703444664135
89:927,47.61524735332823,-122.17751484223172,-12.73,0.81,-5.4955703444664135
89:928,47.61524735332823,-122.17751484223172,-12.73,0.45999998,-5.4955703444664135
89:929,47.61524735332823,-122.17751484223172,-12.73,0.64,-5.4955703444664135
89:930,47.61524735332823,-122.17751484223172,-12.73,0.55,-5.4955703444664135
89:931,47.61524735332823,-122.17751484223172,-12.73,0.29,-5.4955703444664135
89:932,47.61524735332823,-122.17751484223172,-12.73,0.29,-5.4955703444664135
89:933,47.61524735332823,-122.17751484223172,-12.73,0.47,-5.4955703444664135
89:934,47.61524735332823,-122.17751484223172,-12.73,0.47,-5.4955703444664135
89:935,47.61524735332823,-122.17751484223172,-12.73,0.82,-5.4955703444664135
89:936,47.61524735332823,-122.17751484223172,-12.73,1.3399999,-5.4955703444664135
89:937,47.61524735332823,-122.17751484223172,-12.73,1.6899999,-5.4955703444664135
89:938,47.61524735332823,-122.17751484223172,-12.73,1.6899999,-5.4955703444664135
89:939,47.61524735332823,-122.17751484223172,-12.73,0.98999995,-5.4955703444664135
89:940,47.61524735332823,-122.17751484223172,-12.73,1.17,-5.4955703444664135
89:941,47.61524735332823,-122.17751484223172,-12.73,1.17,-5.4955703444664135
89:942,47.61524735332823,-122.17751484223172,-12.73,0.98999995,-5.4955703444664135
89:943,47.61524735332823,-122.17751484223172,-12.73,0.90999997,-5.4955703444664135
89:944,47.61524735332823,-122.17751484223172,-12.73,1.17,-5.4955703444664135
89:945,47.61524735332823,-122.17751484223172,-12.73,1.26,-5.4955703444664135
89:946,47.61524735332823,-122.17751484223172,-12.73,1.26,-5.4955703444664135
89:947,47.61524735332823,-122.17751484223172,-12.73,1.62,-5.4955703444664135
89:948,47.61524735332823,-122.17751484223172,-12.73,2.1399999,-5.4955703444664135
89:949,47.61524735332823,-122.17751484223172,-12.73,1.35,-5.4955703444664135
89:950,47.61524735332823,-122.17751484223172,-12.73,1.27,-5.4955703444664135
89:951,47.61524735332823,-122.17751484223172,-12.73,1.27,-5.4955703444664135
89:952,47.61524735332823,-122.17751484223172,-12.73,1.1899999,-5.4955703444664135
89:953,47.61524735332823,-122.17751484223172,-12.73,1.36,-5.4955703444664135
89:954,47.61524735332823,-122.17751484223172,-12.73,1.1899999,-5.4955703444664135
89:955,47.61524735332823,-122.17751484223172,-12.73,0.93,-5.4955703444664135
89:956,47.61524735332823,-122.17751484223172,-12.73,1.02,-5.4955703444664135
89:957,47.61524735332823,-122.17751484223172,-12.73,1.37,-5.4955703444664135
89:958,47.61524735332823,-122.17751484223172,-12.73,1.37,-5.4955703444664135
89:959,47.61524735332823,-122.17751484223172,-12.73,1.11,-5.4955703444664135
89:960,47.61524735332823,-122.17751484223172,-12.73,1.1899999,-5.4955703444664135
89:961,47.61524735332823,-122.17751484223172,-12.73,1.02,-5.4955703444664135
89:962,47.61524735332823,-122.17751484223172,-12.73,0.94,-5.4955703444664135
89:963,47.61524735332823,-122.17751484223172,-12.73,1.02,-5.4955703444664135
89:964,47.61524735332823,-122.17751484223172,-12.73,1.7199999,-5.4955703444664135
89:965,47.61524735332823,-122.17751484223172,-12.73,1.28,-5.4955703444664135
89:966,47.61524735332823,-122.17751484223172,-12.73,1.37,-5.4955703444664135
89:967,47.61524735332823,-122.17751484223172,-12.73,1.37,-5.4955703444664135
89:968,47.61524735332823,-122.17751484223172,-12.73,1.1999999,-5.4955703444664135
89:969,47.61524735332823,-122.17751484223172,-12.73,1.29,-5.4955703444664135
89:970,47.61524735332823,-122.17751484223172,-12.73,0.85999995,-5.4955703444664135
89:971,47.61524735332823,-122.17751484223172,-12.73,1.12,-5.4955703444664135
89:972,47.61524735332823,-122.17751484223172,-12.73,0.85999995,-5.4955703444664135
89:973,47.61524735332823,-122.17751484223172,-12.73,0.85999995,-5.4955703444664135
89:974,47.61524735332823,-122.17751484223172,-12.73,0.85999995,-5.4955703444664135
89:975,47.61524735332823,-122.17751484223172,-12.73,0.85999995,-5.4955703444664135
89:976,47.61524735332823,-122.17751484223172,-12.73,1.04,-5.4955703444664135
89:977,47.61524735332823,-122.17751484223172,-12.73,1.73,-5.4955703444664135
89:978,47.61524735332823,-122.17751484223172,-12.73,1.13,-5.4955703444664135
89:979,47.61524735332823,-122.17751484223172,-12.73,1.05,-5.4955703444664135
89:980,47.61524735332823,-122.17751484223172,-12.73,0.96,-5.4955703444664135
89:981,47.61524735332823,-122.17751484223172,-12.73,0.61,-5.4955703444664135
89:982,47.61524735332823,-122.17751484223172,-12.73,0.61,-5.4955703444664135
89:983,47.61524735332823,-122.17751484223172,-12.73,0.88,-5.4955703444664135
89:984,47.61524735332823,-122.17751484223172,-12.73,0.7,-5.4955703444664135
89:985,47.61524735332823,-122.17751484223172,-12.73,0.17999999,-5.4955703444664135
89:986,47.61524735332823,-122.17751484223172,-12.73,0.88,-5.4955703444664135
89:987,47.61524735332823,-122.17751484223172,-12.73,1.05,-5.4955703444664135
89:988,47.61524735332823,-122.17751484223172,-12.73,0.96,-5.4955703444664135
89:989,47.61524735332823,-122.17751484223172,-12.73,1.06,-5.4955703444664135
89:990,47.61524735332823,-122.17751484223172,-12.73,1.06,-5.4955703444664135
89:991,47.61524735332823,-122.17751484223172,-12.73,1.3199999,-5.4955703444664135
89:992,47.61524735332823,-122.17751484223172,-12.73,1.41,-5.4955703444664135
89:993,47.61524735332823,-122.17751484223172,-12.73,1.5899999,-5.4955703444664135
89:994,47.61524735332823,-122.17751484223172,-12.73,0.97999996,-5.4955703444664135
89:995,47.61524735332823,-122.17751484223172,-12.73,1.0699999,-5.4955703444664135
89:996,47.61524735332823,-122.17751484223172,-12.73,1.0699999,-5.4955703444664135
89:997,47.61524735332823,-122.17751484223172,-12.73,0.97999996,-5.4955703444664135
89:998,47.61524735332823,-122.17751484223172,-12.73,1.0699999,-5.4955703444664135
89:999,47.61524735332823,-122.17751484223172,-12.73,1.16,-5.4955703444664135
89:1000,47.61524735332823,-122.17751484223172,-12.73,1.24,-5.4955703444664135
89:1001,47.61524735332823,-122.17751484223172,-12.73,1.24,-5.4955703444664135
89:1002,47.61524735332823,-122.17751484223172,-12.73,1.51,-5.4955703444664135
89:1003,47.61524735332823,-122.17751484223172,-12.73,1.3299999,-5.4955703444664135
89:1004,47.61524735332823,-122.17751484223172,-12.73,1.51,-5.4955703444664135
89:1005,47.61524735332823,-122.17751484223172,-12.73,1.77,-5.4955703444664135
89:1006,47.61524735332823,-122.17751484223172,-12.73,1.25,-5.4955703444664135
89:1007,47.61524735332823,-122.17751484223172,-12.73,1.17,-5.4955703444664135
89:1008,47.61524735332823,-122.17751484223172,-12.73,0.98999995,-5.4955703444664135
89:1009,47.61524735332823,-122.17751484223172,-12.73,1.0799999,-5.4955703444664135
89:1010,47.61524735332823,-122.17751484223172,-12.73,0.74,-5.4955703444664135
89:1011,47.61524735332823,-122.17751484223172,-12.73,0.90999997,-5.4955703444664135
89:1012,47.61524735332823,-122.17751484223172,-12.73,1,-5.4955703444664135
89:1013,47.61524735332823,-122.17751484223172,-12.73,0.91999996,-5.4955703444664135
89:1014,47.61524735332823,-122.17751484223172,-12.73,0.74,-5.4955703444664135
89:1015,47.61524735332823,-122.17751484223172,-12.73,0.75,-5.4955703444664135
89:1016,47.61524735332823,-122.17751484223172,-12.73,0.91999996,-5.4955703444664135
89:1017,47.61524735332823,-122.17751484223172,-12.73,1.01,-5.4955703444664135
89:1018,47.61524735332823,-122.17751484223172,-12.73,0.75,-5.4955703444664135
89:1019,47.61524735332823,-122.17751484223172,-12.73,1.1,-5.4955703444664135
89:1020,47.61524735332823,-122.17751484223172,-12.73,1.27,-5.4955703444664135
89:1021,47.61524735332823,-122.17751484223172,-12.73,1.27,-5.4955703444664135
89:1022,47.61524735332823,-122.17751484223172,-12.73,1.1,-5.4955703444664135
89:1023,47.61524735332823,-122.17751484223172,-12.73,0.93,-5.4955703444664135
89:1024,47.61524735332823,-122.17751484223172,-12.73,1.4599999,-5.4955703444664135
89:1025,47.61524735332823,-122.17751484223172,-12.73,1.28,-5.4955703444664135
89:1026,47.61524735332823,-122.17751484223172,-12.73,1.11,-5.4955703444664135
89:1027,47.61524735332823,-122.17751484223172,-12.73,1.02,-5.4955703444664135
89:1028,47.61524735332823,-122.17751484223172,-12.73,1.11,-5.4955703444664135
89:1029,47.61524735332823,-122.17751484223172,-12.73,0.93,-5.4955703444664135
89:1030,47.61524735332823,-122.17751617632759,-12.74,0.94,-5.492247499319207
89:1031,47.61524735332823,-122.17751617632759,-12.74,0.94,-5.492247499319207
89:1032,47.61524735332823,-122.17751617632759,-12.74,0.77,-5.492247499319207
89:1033,47.61524735332823,-122.17751617632759,-12.74,1.03,-5.492247499319207
89:1034,47.61524735332823,-122.17751617632759,-12.74,1.4599999,-5.492247499319207
89:1035,47.61524735332823,-122.17751617632759,-12.74,1.4699999,-5.492247499319207
89:1036,47.61524735332823,-122.17751617632759,-12.74,0.95,-5.492247499319207
89:1037,47.61524735332823,-122.17751617632759,-12.74,1.65,-5.492247499319207
89:1038,47.61524735332823,-122.17751617632759,-12.74,1.74,-5.492247499319207
89:1039,47.61524735332823,-122.17751617632759,-12.74,1.8299999,-5.492247499319207
89:1040,47.61524735332823,-122.17751617632759,-12.74,1.66,-5.492247499319207
89:1041,47.61524735332823,-122.17751617632759,-12.74,1.92,-5.492247499319207
89:1042,47.61524735332823,-122.17751617632759,-12.74,1.75,-5.492247499319207
89:1043,47.61524735332823,-122.17751617632759,-12.74,2.01,-5.492247499319207
89:1044,47.61524735332823,-122.17751617632759,-12.74,1.49,-5.492247499319207
89:1045,47.61524735332823,-122.17751617632759,-12.74,1.49,-5.492247499319207
89:1046,47.61524735332823,-122.17751617632759,-12.74,1.31,-5.492247499319207
89:1047,47.61524735332823,-122.17751617632759,-12.74,1.31,-5.492247499319207
89:1048,47.61524735332823,-122.17751617632759,-12.74,1.31,-5.492247499319207
89:1049,47.61524735332823,-122.17751617632759,-12.74,1.66,-5.492247499319207
89:1050,47.61524735332823,-122.17751617632759,-12.74,1.41,-5.492247499319207
89:1051,47.61524735332823,-122.17751617632759,-12.74,1.3199999,-5.492247499319207
89:1052,47.61524735332823,-122.17751617632759,-12.74,1.3199999,-5.492247499319207
89:1053,47.61524735332823,-122.17751617632759,-12.74,1.42,-5.492247499319207
89:1054,47.61524735332823,-122.17751617632759,-12.74,1.3299999,-5.492247499319207
89:1055,47.61524735332823,-122.17751617632759,-12.74,1.3299999,-5.492247499319207
89:1056,47.61524735332823,-122.17751617632759,-12.74,1.0699999,-5.492247499319207
89:1057,47.61524735332823,-122.17751617632759,-12.74,0.97999996,-5.492247499319207
89:1058,47.61524735332823,-122.17751617632759,-12.74,1.0699999,-5.492247499319207
89:1059,47.61524735332823,-122.17751617632759,-12.74,0.9,-5.492247499319207
89:1060,47.61524735332823,-122.17751617632759,-12.74,1.16,-5.492247499319207
89:1061,47.61524735332823,-122.17751617632759,-12.74,1.16,-5.492247499319207
89:1062,47.61524735332823,-122.17751617632759,-12.74,1.0799999,-5.492247499319207
89:1063,47.61524735332823,-122.17751617632759,-12.74,1.0799999,-5.492247499319207
89:1064,47.61524735332823,-122.17751617632759,-12.74,1.0799999,-5.492247499319207
89:1065,47.61524735332823,-122.17751617632759,-12.74,0.82,-5.492247499319207
89:1066,47.61524735332823,-122.17751617632759,-12.74,0.82,-5.492247499319207
89:1067,47.61524735332823,-122.17751617632759,-12.74,0.82,-5.492247499319207
89:1068,47.61524735332823,-122.17751617632759,-12.74,0.90999997,-5.492247499319207
89:1069,47.61524735332823,-122.17751617632759,-12.74,0.83,-5.492247499319207
89:1070,47.61524735332823,-122.17751617632759,-12.74,0.83,-5.492247499319207